117
339
1
2.59374
28
10
2
2 6 15 6 1
7 6 5 6 -2
0.54918921
0.22756897
-0.49976221 0.59861624
1

2
3 0 13 1 1
3 1 13 1 -1
0.33073598
0.017434802
-0.30096975 0.36050224
1

2
5 1 3 4 1
8 1 3 4 -1
0.3084096
-0.010285628
0.33616647 -0.28065273
-1

2
7 0 5 10 1
7 10 5 10 -1
0.22166872
0.0063690986
-0.20171854 0.24161892
1

2
0 0 2 12 1
2 0 2 12 -1
0.22482647
-0.027838087
0.24506086 -0.20459209
-1

2
0 0 4 7 1
0 7 4 7 -1
0.21161701
-0.00068439863
0.23066254 -0.19257148
-1

2
4 4 12 1 1
8 4 4 1 -2
0.23163056
0.0027325004
0.25247732 -0.21078382
-1

2
7 0 4 2 1
7 2 4 2 -1
0.2376231
0.0005758786
-0.21623702 0.25900918
1

2
6 11 9 1 1
6 12 9 1 -1
0.20102626
0.0091965087
-0.1829339 0.21911862
1

2
19 13 1 1 1
19 14 1 1 -1
0.22195971
0.00035619288
0.24193609 -0.20198335
-1

2
5 4 1 1 1
5 5 1 1 -1
0.18376887
-0.00072357623
0.20030807 -0.16722968
-1

2
0 11 10 9 1
10 11 10 9 -1
0.17784575
-0.19041465
0.19385187 -0.16183963
-1

2
10 5 3 1 1
10 6 3 1 -1
0.23389098
0.0013586782
0.25494117 -0.2128408
-1

2
0 0 10 20 1
10 0 10 20 -1
0.21983144
0.46233997
-0.20004661 0.23961627
1

2
9 0 2 1 1
11 0 2 1 -1
0.22402994
0.0023718739
0.24419264 -0.20386726
-1

2
16 1 2 3 1
18 1 2 3 -1
0.19791134
0.0037924529
-0.18009932 0.21572337
1

2
6 15 8 1 1
6 16 8 1 -1
0.17773782
-0.0008678718
0.19373423 -0.16174142
-1

2
0 13 1 1 1
0 14 1 1 -1
0.16387087
0.00053095317
0.17861925 -0.14912249
-1

2
1 15 3 5 1
4 15 3 5 -1
0.19634269
0.020236779
-0.17867185 0.21401355
1

2
3 0 2 1 1
5 0 2 1 -1
0.17503929
-3.5911376e-005
0.19079283 -0.15928575
-1

2
16 0 4 18 1
16 6 4 6 -2
0.16941515
0.022693943
0.18466252 -0.15416779
-1

2
3 5 6 1 1
3 6 6 1 -1
0.19822507
-1.6946409e-005
0.21606533 -0.18038481
-1

2
14 2 3 18 1
17 2 3 18 -1
0.16498327
-0.031571217
0.17983177 -0.15013479
-1

2
4 10 2 1 1
4 11 2 1 -1
0.17216396
0.0015597204
0.18765873 -0.15666921
-1

2
7 16 7 2 1
7 18 7 2 -1
0.17307524
0.022372089
-0.15749848 0.18865202
1

3
14 0 4 10 1
16 0 2 5 -2
14 5 2 5 -2
0.17506929
-0.010785072
-0.15931305 0.19082552
1

2
14 4 1 1 1
14 5 1 1 -1
0.17395432
-0.00067592651
0.18961021 -0.15829843
-1

2
0 0 10 4 1
10 0 10 4 -1
0.17199822
0.077281199
-0.15651838 0.18747807
1

2
4 15 12 1 1
8 15 4 1 -2
0.17544669
0.030853922
0.1912369 -0.15965649
-1

2
16 12 2 8 1
18 12 2 8 -1
0.17778109
0.019888647
-0.16178079 0.19378139
1

2
13 7 7 2 1
13 9 7 2 -1
0.1558422
-0.0014387685
-0.14181641 0.16986801
1

2
8 3 2 6 1
10 3 2 6 -1
0.14329027
-0.014079953
0.1561864 -0.13039415
-1

2
16 6 1 2 1
16 8 1 2 -1
0.18098167
0.0024934665
0.19727002 -0.16469333
-1

2
0 2 1 7 1
1 2 1 7 -1
0.17052619
0.0053574676
-0.15517884 0.18587355
1

2
16 9 1 1 1
16 10 1 1 -1
0.16577798
0.00078165816
0.18069801 -0.15085797
-1

2
12 3 1 2 1
13 3 1 2 -1
0.16719501
-0.001664375
0.18224256 -0.15214746
-1

3
14 0 6 6 1
17 0 3 3 -2
14 3 3 3 -2
0.16787204
0.00021478598
-0.15276356 0.18298054
1

2
9 2 8 3 1
9 5 8 3 -1
0.1457198
-0.021689106
0.15883458 -0.13260502
-1

2
0 2 2 15 1
2 2 2 15 -1
0.14761797
-0.022527374
0.16090359 -0.13433236
-1

2
19 11 1 1 1
19 12 1 1 -1
0.15881115
0.00033607654
0.17310417 -0.14451815
-1

2
13 4 3 2 1
14 4 1 2 -2
0.17189807
0.00073110568
0.1873689 -0.15642725
-1

3
9 14 2 4 1
10 14 1 2 -2
9 16 1 2 -2
0.20279986
0.0029859624
0.22105186 -0.18454787
-1

2
4 9 10 1 1
4 10 10 1 -1
0.17540418
-0.0042826119
0.19119056 -0.15961781
-1

2
2 7 5 4 1
2 11 5 4 -1
0.17174508
-0.00075069367
-0.15628803 0.18720214
1

2
17 19 3 1 1
18 19 1 1 -2
0.1630612
0.00057826779
0.17773671 -0.1483857
-1

2
3 9 2 1 1
3 10 2 1 -1
0.1755839
0.0018696161
0.19138646 -0.15978135
-1

2
5 10 9 1 1
5 11 9 1 -1
0.16165267
-0.0031953368
0.17620142 -0.14710394
-1

2
8 0 2 1 1
10 0 2 1 -1
0.16028082
-0.0019182599
-0.14585556 0.1747061
1

2
8 10 6 1 1
8 11 6 1 -1
0.17030436
0.0060471962
-0.15497696 0.18563175
1

2
7 10 3 4 1
7 14 3 4 -1
0.15470693
0.013830679
0.16863056 -0.14078331
-1

2
14 15 3 4 1
17 15 3 4 -1
0.15249014
-0.015830969
0.16621426 -0.13876604
-1

2
0 12 1 2 1
0 14 1 2 -1
0.16135496
-0.00067113416
-0.14683302 0.17587692
1

3
7 3 2 10 1
8 3 1 5 -2
7 8 1 5 -2
0.15063508
0.0025277543
-0.13707793 0.16419224
1

2
3 7 2 1 1
3 8 2 1 -1
0.14724199
0.0014780043
0.16049378 -0.13399021
-1

2
0 2 3 4 1
3 2 3 4 -1
0.16093686
0.018775322
-0.14645255 0.17542118
1

2
3 14 3 1 1
3 15 3 1 -1
0.15374945
3.2930453e-005
-0.13991201 0.16758691
1

2
14 14 3 1 1
14 15 3 1 -1
0.12942941
5.2029845e-005
-0.11778077 0.14107807
1

2
0 0 3 20 1
3 0 3 20 -1
0.14540532
-0.099069253
0.15849181 -0.13231885
-1

2
7 0 2 1 1
9 0 2 1 -1
0.16415051
0.0018533218
0.17892405 -0.14937696
-1

3
5 3 2 2 1
6 3 1 1 -2
5 4 1 1 -2
0.15467307
0.0010291588
-0.14075249 0.16859365
1

3
0 0 6 6 1
3 0 3 3 -2
0 3 3 3 -2
0.13983369
-0.0001620736
0.15241873 -0.12724866
-1

3
6 3 4 2 1
8 3 2 1 -2
6 4 2 1 -2
0.13999791
0.0011516593
-0.1273981 0.15259773
1

2
3 8 1 1 1
3 9 1 1 -1
0.13939779
0.00083313347
0.15194359 -0.12685199
-1

2
5 3 1 1 1
5 4 1 1 -1
0.16904646
-0.0013619959
0.18426065 -0.15383229
-1

2
2 17 1 1 1
2 18 1 1 -1
0.14773121
0.00075531384
0.16102703 -0.13443542
-1

2
14 2 2 3 1
14 3 2 1 -2
0.15440524
0.00079720886
0.16830172 -0.14050877
-1

3
10 15 2 4 1
11 15 1 2 -2
10 17 1 2 -2
0.17156148
-0.0026971109
-0.15612096 0.18700202
1

2
2 1 12 1 1
2 2 12 1 -1
0.15804313
-0.0052168448
0.17226702 -0.14381926
-1

2
10 6 4 1 1
14 6 4 1 -1
0.14212795
0.0067346441
0.15491946 -0.12933643
-1

2
1 1 19 1 1
1 2 19 1 -1
0.16904658
0.020595036
-0.15383239 0.18426079
1

2
14 0 1 1 1
15 0 1 1 -1
0.15932478
-0.00074638776
-0.14498556 0.17366402
1

2
0 1 1 15 1
0 6 1 5 -2
0.1532473
0.0018016386
0.16703956 -0.13945505
-1

2
11 7 4 3 1
11 10 4 3 -1
0.16207987
-0.0011460149
-0.14749269 0.17666706
1

3
12 2 4 2 1
14 2 2 1 -2
12 3 2 1 -2
0.13590404
-0.0012024329
0.14813541 -0.12367269
-1

2
3 7 1 1 1
4 7 1 1 -1
0.14123611
-0.0013600962
-0.12852487 0.15394737
1

2
0 9 2 9 1
2 9 2 9 -1
0.16408092
0.015957376
-0.14931364 0.17884821
1

2
0 0 2 1 1
0 1 2 1 -1
0.13514343
0.00055716443
0.14730634 -0.12298053
-1

2
9 3 1 2 1
10 3 1 2 -1
0.14037901
0.0017307654
-0.1277449 0.15301313
1

2
1 6 18 6 1
7 6 6 6 -2
0.14053325
0.14747199
-0.12788527 0.15318125
1

2
0 11 7 7 1
7 11 7 7 -1
0.14415473
-0.078572758
0.15712866 -0.13118081
-1

2
12 7 6 1 1
14 7 2 1 -2
0.16527244
0.018941047
0.18014698 -0.15039793
-1

2
8 3 6 3 1
10 3 2 3 -2
0.1547107
0.0023644506
0.16863467 -0.14078674
-1

2
8 5 5 1 1
13 5 5 1 -1
0.16286573
-0.0062898519
-0.14820781 0.17752364
1

2
12 4 1 1 1
13 4 1 1 -1
0.13797742
-0.00080576615
0.15039539 -0.12555946
-1

2
8 5 3 1 1
8 6 3 1 -1
0.14894521
0.0017950401
0.16235028 -0.13554014
-1

3
11 16 8 4 1
15 16 4 2 -2
11 18 4 2 -2
0.15518704
-0.0085595679
0.16915388 -0.14122021
-1

2
4 0 3 20 1
7 0 3 20 -1
0.13676645
-0.036648214
-0.12445747 0.14907543
1

3
12 14 6 6 1
15 14 3 3 -2
12 17 3 3 -2
0.15443346
0.0096872244
-0.14053445 0.16833247
1

2
0 12 1 1 1
0 13 1 1 -1
0.14676481
0.00056369096
0.15997365 -0.13355598
-1

3
11 8 8 12 1
15 8 4 6 -2
11 14 4 6 -2
0.14067745
-0.033717532
0.15333843 -0.12801649
-1

2
5 9 6 3 1
5 12 6 3 -1
0.14985928
0.00064156344
-0.13637196 0.16334662
1

2
6 11 6 1 1
6 12 6 1 -1
0.13191055
-0.0032945126
0.1437825 -0.1200386
-1

2
17 10 1 1 1
17 11 1 1 -1
0.16927665
0.0008594176
0.18451156 -0.15404177
-1

2
5 12 8 1 1
5 13 8 1 -1
0.14725052
-0.0055280495
0.16050307 -0.13399798
-1

2
4 6 1 1 1
4 7 1 1 -1
0.14766531
0.00066552177
0.16095519 -0.13437544
-1

2
6 12 8 1 1
6 13 8 1 -1
0.14679788
0.0061782491
-0.13358608 0.1600097
1

2
7 10 1 3 1
7 13 1 3 -1
0.14698133
0.0049380464
0.16020966 -0.13375302
-1

2
4 3 9 3 1
7 3 3 3 -2
0.14854664
0.0091187917
0.16191584 -0.13517745
-1

2
1 15 1 1 1
1 16 1 1 -1
0.14630501
0.00057664287
0.15947247 -0.13313757
-1

3
5 2 4 2 1
7 2 2 1 -2
5 3 2 1 -2
0.14870837
-0.00084514916
0.16209213 -0.13532463
-1

2
3 1 6 16 1
5 1 2 16 -2
0.13699758
0.17123885
-0.1246678 0.14932737
1

2
0 17 2 3 1
0 18 2 1 -2
0.12982698
0.0052085537
0.14151141 -0.11814255
-1

2
4 0 1 1 1
5 0 1 1 -1
0.13710997
-0.0011872395
-0.12477008 0.14944987
1

2
2 15 2 3 1
4 15 2 3 -1
0.16042705
0.0048194248
-0.14598861 0.17486548
1

3
0 0 10 6 1
5 0 5 3 -2
0 3 5 3 -2
0.13418536
-7.6737961e-005
0.14626205 -0.12210868
-1

2
5 3 7 2 1
5 5 7 2 -1
0.13116305
-0.01270532
0.14296773 -0.11935838
-1

2
0 0 10 20 1
10 0 10 20 -1
0.14145823
-0.47128844
0.15418947 -0.12872699
-1

3
9 16 2 4 1
10 16 1 2 -2
9 18 1 2 -2
0.16352171
0.002807914
0.17823866 -0.14880475
-1

2
8 2 2 12 1
10 2 2 12 -1
0.15519552
0.044454977
-0.14122793 0.16916312
1

3
9 15 2 4 1
10 15 1 2 -2
9 17 1 2 -2
0.14837743
-0.0022831082
-0.13502347 0.16173141
1

2
1 8 14 1 1
1 9 14 1 -1
0.14406702
-0.0042637531
0.15703306 -0.131101
-1

2
19 18 1 1 1
19 19 1 1 -1
0.1345914
0.00036434739
0.14670463 -0.12247818
-1

2
3 3 6 1 1
3 4 6 1 -1
0.13540429
0.0013234289
-0.1232179 0.14759068
1

3
11 1 2 2 1
12 1 1 1 -2
11 2 1 1 -2
0.11844696
-0.0001247802
0.12910719 -0.10778674
-1

2
17 6 1 3 1
17 9 1 3 -1
0.12511632
-0.00054748019
-0.11385585 0.1363768
1

2
18 4 1 4 1
19 4 1 4 -1
0.13305034
-1.4854403e-005
0.14502487 -0.12107581
-1

3
5 2 4 2 1
7 2 2 1 -2
5 3 2 1 -2
0.12528592
0.0014908373
-0.11401019 0.13656166
1

