113
452
4
5.55992
64
252
3
9 1 6 10 1
12 1 3 5 -2
9 6 3 5 -2
0.55216879
0.035592742
-0.50247359 0.60186398
1

2
8 0 6 1 1
14 0 6 1 -1
0.36348212
0.011981231
-0.33076873 0.39619553
1

2
7 2 7 7 1
7 9 7 7 -1
0.26628405
-0.013737214
-0.2423185 0.29024962
1

2
0 13 7 5 1
7 13 7 5 -1
0.29098591
-0.039835781
0.31717464 -0.26479718
-1

2
3 4 6 1 1
3 5 6 1 -1
0.24219206
-0.0026145787
0.26398936 -0.22039478
-1

2
16 1 4 6 1
16 7 4 6 -1
0.22089501
-0.00161155
0.24077557 -0.20101446
-1

3
16 6 4 14 1
18 6 2 7 -2
16 13 2 7 -2
0.25302458
0.018560452
-0.23025237 0.2757968
1

2
7 19 3 1 1
8 19 1 1 -2
0.2203564
0.0065570371
0.24018849 -0.20052433
-1

2
9 9 3 1 1
9 10 3 1 -1
0.23595548
-0.0010428567
0.25719148 -0.21471949
-1

2
5 0 3 3 1
5 3 3 3 -1
0.22136576
0.00023302724
-0.20144285 0.24128869
1

3
5 3 2 2 1
6 3 1 1 -2
5 4 1 1 -2
0.21339987
0.00041418511
-0.19419388 0.23260587
1

2
9 15 3 1 1
9 16 3 1 -1
0.19477364
-0.00047108109
0.21230328 -0.17724402
-1

2
6 4 5 8 1
6 12 5 8 -1
0.20482066
0.0022478867
-0.18638681 0.22325453
1

2
19 2 1 18 1
19 8 1 6 -2
0.21297412
0.0079277493
0.23214179 -0.19380645
-1

2
4 5 6 1 1
4 6 6 1 -1
0.20097044
5.1018269e-005
0.21905778 -0.18288311
-1

2
7 8 2 2 1
9 8 2 2 -1
0.21171749
-0.0038648651
0.23077206 -0.19266292
-1

2
10 0 7 1 1
10 1 7 1 -1
0.18542749
0.0018050781
-0.16873902 0.20211597
1

3
1 14 10 6 1
6 14 5 3 -2
1 17 5 3 -2
0.1741848
-0.017711613
0.18986143 -0.15850817
-1

2
0 0 12 1 1
4 0 4 1 -2
0.21056989
0.036007918
0.22952119 -0.19161861
-1

2
4 4 12 2 1
8 4 4 2 -2
0.19240199
0.00083146198
0.20971818 -0.17508581
-1

3
0 3 20 14 1
10 3 10 7 -2
0 10 10 7 -2
0.21310899
0.073399879
0.23228881 -0.19392918
-1

2
0 4 1 3 1
1 4 1 3 -1
0.19060302
-0.0029259981
0.20775729 -0.17344876
-1

2
19 1 1 7 1
19 8 1 7 -1
0.17554031
0.00099237438
0.19133894 -0.15974168
-1

3
16 3 2 2 1
17 3 1 1 -2
16 4 1 1 -2
0.16584623
0.00067336403
-0.15092008 0.18077239
1

2
6 5 8 1 1
6 6 8 1 -1
0.17714494
-0.013476381
-0.16120191 0.193088
1

2
6 12 7 1 1
6 13 7 1 -1
0.19252026
-0.0026891797
0.20984709 -0.17519344
-1

2
6 6 7 1 1
6 7 7 1 -1
0.16790208
-0.00035554188
0.18301328 -0.1527909
-1

2
8 12 4 1 1
8 13 4 1 -1
0.15455294
0.0024116174
-0.14064318 0.16846271
1

2
8 10 3 4 1
8 14 3 4 -1
0.17946275
0.014010841
0.1956144 -0.16331111
-1

3
4 1 8 10 1
8 1 4 5 -2
4 6 4 5 -2
0.17629217
0.018904539
-0.16042587 0.19215846
1

3
0 6 20 2 1
10 6 10 1 -2
0 7 10 1 -2
0.16112427
0.007618363
0.17562546 -0.14662309
-1

2
0 19 5 1 1
5 19 5 1 -1
0.18038827
-0.0079912469
0.19662322 -0.16415334
-1

2
3 7 1 3 1
3 8 1 1 -2
0.16424936
0.0098099895
0.1790318 -0.14946692
-1

2
0 19 8 1 1
8 19 8 1 -1
0.17221531
0.012713215
-0.15671594 0.1877147
1

2
0 16 10 4 1
10 16 10 4 -1
0.16465847
-0.044584543
0.17947774 -0.14983921
-1

2
4 0 2 20 1
6 0 2 20 -1
0.17460647
-0.021011014
-0.1588919 0.19032106
1

2
9 10 1 1 1
9 11 1 1 -1
0.15100251
-0.00043285306
0.16459274 -0.13741229
-1

2
0 6 13 7 1
0 13 13 7 -1
0.17983674
0.030288354
-0.16365144 0.19602205
1

2
7 11 7 1 1
7 12 7 1 -1
0.14664395
-0.0023745925
0.15984191 -0.13344599
-1

3
1 9 16 6 1
9 9 8 3 -2
1 12 8 3 -2
0.17086498
0.021490775
0.18624283 -0.15548714
-1

2
6 11 14 1 1
6 12 14 1 -1
0.16730592
0.0061539384
-0.15224838 0.18236345
1

3
14 2 4 10 1
16 2 2 5 -2
14 7 2 5 -2
0.14197145
9.4693387e-005
0.15474889 -0.12919402
-1

3
11 4 2 6 1
12 4 1 3 -2
11 7 1 3 -2
0.14559232
-0.0016260095
0.15869562 -0.13248901
-1

3
0 5 16 2 1
8 5 8 1 -2
0 6 8 1 -2
0.16341093
0.011146646
0.17811792 -0.14870395
-1

2
13 4 3 2 1
14 4 1 2 -2
0.19789399
0.00055897149
0.21570446 -0.18008354
-1

2
12 0 1 1 1
13 0 1 1 -1
0.18039322
0.0014229969
0.19662862 -0.16415784
-1

3
16 1 4 18 1
18 1 2 9 -2
16 10 2 9 -2
0.16116548
-0.011040619
0.17567037 -0.14666058
-1

2
15 0 1 1 1
16 0 1 1 -1
0.1550025
0.00012940553
-0.14105228 0.16895273
1

2
0 3 6 2 1
0 5 6 2 -1
0.13666859
-0.0050983424
0.14896877 -0.12436842
-1

2
9 11 3 3 1
9 12 3 1 -2
0.150713
0.0088570425
0.16427717 -0.13714883
-1

2
9 7 3 5 1
9 12 3 5 -1
0.1585588
0.029354434
0.17282909 -0.14428851
-1

3
0 13 8 4 1
4 13 4 2 -2
0 15 4 2 -2
0.15166771
-0.0034759105
0.16531782 -0.13801762
-1

2
17 5 3 1 1
17 6 3 1 -1
0.13085344
-6.8752735e-005
0.14263026 -0.11907664
-1

2
7 4 9 1 1
10 4 3 1 -2
0.15082102
0.0013268065
0.16439492 -0.13724713
-1

2
4 0 9 6 1
4 6 9 6 -1
0.16734503
-0.11068588
-0.15228398 0.1824061
1

2
7 3 2 3 1
9 3 2 3 -1
0.15377478
0.0082738576
-0.13993506 0.16761452
1

3
2 6 16 6 1
10 6 8 3 -2
2 9 8 3 -2
0.15264675
0.017107949
0.16638497 -0.13890855
-1

2
6 13 7 1 1
6 14 7 1 -1
0.1485399
-0.0021529985
0.16190849 -0.13517131
-1

2
2 6 4 3 1
2 9 4 3 -1
0.13327375
-0.0014737642
-0.12127911 0.1452684
1

3
0 14 10 6 1
5 14 5 3 -2
0 17 5 3 -2
0.1381938
0.014931755
-0.12575637 0.15063125
1

2
3 11 1 2 1
3 13 1 2 -1
0.1527417
-7.3042473e-005
-0.13899495 0.16648845
1

2
6 16 4 1 1
6 17 4 1 -1
0.13835785
0.0011585163
-0.12590565 0.15081006
1

2
3 0 4 9 1
7 0 4 9 -1
0.14051764
-0.0021890849
0.15316422 -0.12787105
-1

2
0 13 9 7 1
9 13 9 7 -1
0.15842418
0.11228409
-0.14416601 0.17268236
1

2
13 0 1 1 1
14 0 1 1 -1
0.15689495
0.0012019766
0.1710155 -0.1427744
-1

2
0 14 10 6 1
10 14 10 6 -1
0.15636133
-0.1585087
0.17043385 -0.1422888
-1

2
6 0 2 1 1
8 0 2 1 -1
0.15901202
-0.0038508517
-0.14470094 0.17332311
1

2
5 0 7 1 1
5 1 7 1 -1
0.16080648
0.0082538491
-0.1463339 0.17527907
1

2
6 3 9 3 1
9 3 3 3 -2
0.13090901
0.014396584
0.14269082 -0.11912721
-1

2
7 15 1 2 1
8 15 1 2 -1
0.16057108
-0.0024025931
-0.14611968 0.17502248
1

2
14 2 3 12 1
17 2 3 12 -1
0.15908532
0.024375226
-0.14476764 0.17340301
1

2
14 9 3 4 1
17 9 3 4 -1
0.13494343
-0.017519481
0.14708833 -0.12279852
-1

2
11 0 4 3 1
11 3 4 3 -1
0.15452598
-0.00080340356
-0.14061865 0.16843332
1

2
13 1 5 1 1
13 2 5 1 -1
0.1345966
-0.0011599368
0.14671031 -0.12248291
-1

2
4 9 8 3 1
4 12 8 3 -1
0.14076629
0.0042251186
-0.12809733 0.15343526
1

2
7 11 1 1 1
7 12 1 1 -1
0.13672382
-0.00014855356
0.14902897 -0.12441868
-1

2
3 10 2 1 1
3 11 2 1 -1
0.13672395
0.0019727065
0.14902911 -0.1244188
-1

2
0 3 18 1 1
0 4 18 1 -1
0.1606259
-0.016112572
0.17508224 -0.14616957
-1

2
12 5 4 1 1
12 6 4 1 -1
0.14448985
-0.00014828051
0.15749395 -0.13148578
-1

2
0 0 10 1 1
10 0 10 1 -1
0.14045832
0.022739433
-0.12781706 0.15309957
1

3
0 5 20 2 1
10 5 10 1 -2
0 6 10 1 -2
0.16317226
0.011897378
0.17785777 -0.14848676
-1

2
3 4 6 2 1
5 4 2 2 -2
0.15683863
0.001560871
0.17095411 -0.14272316
-1

2
7 16 9 1 1
10 16 3 1 -2
0.15707766
0.031066667
0.17121466 -0.14294067
-1

2
10 12 3 1 1
10 13 3 1 -1
0.15891097
-0.0016458407
0.17321298 -0.14460899
-1

2
5 17 9 1 1
5 18 9 1 -1
0.12584919
0.0018409735
-0.11452276 0.13717562
1

3
10 14 10 6 1
15 14 5 3 -2
10 17 5 3 -2
0.13781308
-0.0024738007
0.15021625 -0.1254099
-1

2
6 7 2 5 1
6 12 2 5 -1
0.12482776
3.8881601e-005
-0.11359327 0.13606226
1

2
0 1 3 18 1
3 1 3 18 -1
0.12943034
0.083283894
-0.11778161 0.14107907
1

2
3 11 1 1 1
3 12 1 1 -1
0.1502976
0.0009232887
0.16382438 -0.13677081
-1

2
0 17 4 3 1
4 17 4 3 -1
0.14824563
-0.01512897
0.16158774 -0.13490354
-1

2
9 10 6 5 1
9 15 6 5 -1
0.13507196
-0.021230854
-0.12291549 0.14722845
1

2
7 19 6 1 1
13 19 6 1 -1
0.14734046
-0.014009344
0.16060111 -0.13407983
-1

2
3 6 3 1 1
6 6 3 1 -1
0.12786773
-0.00031152391
-0.11635964 0.13937584
1

2
9 4 7 1 1
9 5 7 1 -1
0.12543561
-0.0047173873
0.13672481 -0.1141464
-1

2
18 0 2 1 1
18 1 2 1 -1
0.12599339
0.00092288671
0.1373328 -0.11465398
-1

2
5 5 9 1 1
8 5 3 1 -2
0.14787544
0.0024558851
0.16118424 -0.13456665
-1

2
10 1 4 11 1
14 1 4 11 -1
0.14383967
-0.06070118
-0.13089411 0.15678525
1

2
9 1 2 5 1
11 1 2 5 -1
0.14492238
-0.0098335007
0.15796539 -0.13187936
-1

2
0 8 3 1 1
0 9 3 1 -1
0.13667634
0.0020792445
0.14897722 -0.12437548
-1

2
5 14 9 1 1
5 15 9 1 -1
0.14665103
-0.0024156838
0.15984963 -0.13345245
-1

2
0 0 4 4 1
4 0 4 4 -1
0.13001075
-0.016824495
0.14171173 -0.11830979
-1

3
1 2 4 8 1
3 2 2 4 -2
1 6 2 4 -2
0.13235618
-0.00028065365
-0.12044413 0.14426824
1

3
6 15 2 2 1
7 15 1 1 -2
6 16 1 1 -2
0.12549798
0.00010955377
-0.11420317 0.13679281
1

2
11 5 3 3 1
14 5 3 3 -1
0.12260503
0.0019189849
0.13363948 -0.11157058
-1

2
8 14 5 5 1
13 14 5 5 -1
0.13148445
0.013745073
-0.11965086 0.14331806
1

3
2 2 18 14 1
11 2 9 7 -2
2 9 9 7 -2
0.13150012
-0.057490434
-0.11966512 0.14333513
1

2
3 3 8 15 1
3 8 8 5 -2
0.15019436
0.0586171
0.16371186 -0.13667688
-1

2
13 6 1 2 1
14 6 1 2 -1
0.1494326
-0.0029176588
-0.13598368 0.16288154
1

3
12 14 6 6 1
15 14 3 3 -2
12 17 3 3 -2
0.14376648
-0.010939381
0.15670547 -0.1308275
-1

2
19 14 1 2 1
19 16 1 2 -1
0.13591181
0.00058075303
0.14814387 -0.12367975
-1

3
11 3 4 8 1
13 3 2 4 -2
11 7 2 4 -2
0.12025271
-0.0059426497
0.13107546 -0.10942997
-1

2
0 14 20 2 1
0 16 20 2 -1
0.13933074
-0.015269917
-0.12679099 0.15187052
1

3
12 3 2 2 1
13 3 1 1 -2
12 4 1 1 -2
0.13590741
-0.00096263946
0.14813909 -0.12367575
-1

