16
16
0
1
38
884
2
1 4 19 2 1
1 6 19 2 -1
0.85816604
-0.029692907
1.1241975 -0.59213459
-1

2
4 0 12 1 1
4 1 12 1 -1
0.66888225
0.0097266873
-0.46152878 0.87623572
1

2
10 0 5 2 1
15 0 5 2 -1
0.4831318
0.0081971474
-0.33336097 0.63290262
1

2
2 0 4 18 1
2 6 4 6 -2
0.43067807
0.14256047
0.56418824 -0.2971679
-1

2
0 0 2 13 1
2 0 2 13 -1
0.39892685
-0.021138191
0.52259415 -0.27525955
-1

2
6 1 7 8 1
6 9 7 8 -1
0.39430943
-0.040004682
-0.27207354 0.51654536
1

2
4 4 12 1 1
8 4 4 1 -2
0.4104749
0.0009658013
0.53772211 -0.28322771
-1

2
3 4 13 2 1
3 6 13 2 -1
0.42897749
-0.0026539755
0.56196046 -0.29599449
-1

2
7 17 5 1 1
7 18 5 1 -1
0.44581392
0.001886453
-0.30761164 0.5840162
1

2
8 9 3 4 1
9 9 1 4 -2
0.30234867
0.032514714
0.39607674 -0.20862061
-1

2
16 0 2 18 1
18 0 2 18 -1
0.36206374
0.033149134
-0.249824 0.47430348
1

3
2 3 16 14 1
10 3 8 7 -2
2 10 8 7 -2
0.33643863
0.068654679
0.4407346 -0.23214267
-1

2
13 3 3 17 1
16 3 3 17 -1
0.3670491
-0.054495372
0.48083431 -0.25326389
-1

3
4 0 14 18 1
11 0 7 9 -2
4 9 7 9 -2
0.33463687
-0.079436295
-0.23089945 0.43837428
1

2
0 4 16 1 1
0 5 16 1 -1
0.32588807
-0.0083634555
0.42691335 -0.22486278
-1

2
9 2 3 3 1
12 2 3 3 -1
0.29371557
0.0045391563
-0.20266376 0.38476738
1

