285
1301
1403
1
470
26
3
4 1 6 2 1
7 1 3 1 -2
4 2 3 1 -2
0.40016204
-0.005994448
0.42017013 -0.38015392
-1

3
5 4 4 6 1
7 4 2 3 -2
5 7 2 3 -2
0.23718499
-0.0073913275
0.24904422 -0.22532573
-1

2
5 0 11 1 1
5 1 11 1 -1
0.19629483
0.010003296
-0.18648009 0.20610957
1

2
15 13 2 3 1
15 16 2 3 -1
0.18619697
0.0033473223
-0.17688712 0.19550681
1

2
0 0 2 5 1
0 5 2 5 -1
0.16254045
-4.9703151e-005
0.17066747 -0.15441343
-1

2
5 2 1 3 1
5 3 1 1 -2
0.1825757
0.0030162982
0.19170448 -0.17344691
-1

3
1 16 12 4 1
7 16 6 2 -2
1 18 6 2 -2
0.17292133
-0.019841209
0.18156739 -0.16427526
-1

3
0 0 10 4 1
5 0 5 2 -2
0 2 5 2 -2
0.17281274
-0.0041063074
0.18145338 -0.16417211
-1

2
3 12 1 3 1
3 15 1 3 -1
0.14648515
0.001567268
-0.13916089 0.1538094
1

2
19 0 1 3 1
19 1 1 1 -2
0.14104117
0.0020403902
0.14809322 -0.13398911
-1

3
7 6 12 6 1
13 6 6 3 -2
7 9 6 3 -2
0.13596186
0.025180303
0.14275995 -0.12916377
-1

2
8 4 2 6 1
10 4 2 6 -1
0.15976886
-0.026833942
0.1677573 -0.15178043
-1

2
5 2 5 1 1
10 2 5 1 -1
0.14606911
-0.0104864
-0.13876565 0.15337256
1

2
13 3 4 1 1
13 4 4 1 -1
0.15249023
0.0037966189
-0.14486572 0.16011474
1

2
3 2 4 8 1
7 2 4 8 -1
0.12970605
0.022445034
0.13619135 -0.12322075
-1

2
17 8 1 6 1
17 14 1 6 -1
0.13992809
-0.011119151
0.14692448 -0.13293168
-1

3
15 9 2 2 1
16 9 1 1 -2
15 10 1 1 -2
0.14645503
0.00066169992
0.15377778 -0.13913228
-1

2
3 1 4 1 1
3 2 4 1 -1
0.12728718
0.005441844
-0.12092282 0.13365152
1

2
3 0 1 1 1
4 0 1 1 -1
0.12340041
-3.9334278e-005
0.12957042 -0.11723039
-1

2
6 9 8 1 1
6 10 8 1 -1
0.1141111
-0.0015933103
0.11981665 -0.10840555
-1

2
2 11 2 1 1
2 12 2 1 -1
0.12163139
0.0014876559
0.12771295 -0.11554982
-1

3
6 3 2 8 1
7 3 1 4 -2
6 7 1 4 -2
0.12449479
0.0021939711
-0.11827005 0.13071953
1

2
12 2 2 11 1
14 2 2 11 -1
0.11809292
0.0021814234
0.12399755 -0.11218827
-1

3
8 4 2 16 1
9 4 1 8 -2
8 12 1 8 -2
0.10689321
-0.0037473131
0.11223787 -0.10154855
-1

2
4 0 1 4 1
4 4 1 4 -1
0.11419155
0.0013676438
0.11990113 -0.10848197
-1

2
16 12 2 5 1
18 12 2 5 -1
0.11241164
-0.013211505
0.11803222 -0.10679106
-1

2
15 11 2 1 1
15 12 2 1 -1
0.12109497
-0.00051648915
-0.11504022 0.12714972
1

3
16 4 4 16 1
18 4 2 8 -2
16 12 2 8 -2
0.11432241
-0.014598551
0.12003852 -0.10860629
-1

2
15 13 2 1 1
15 14 2 1 -1
0.11479807
-0.00012714836
-0.10905816 0.12053797
1

3
10 3 4 16 1
12 3 2 8 -2
10 11 2 8 -2
0.10048854
-0.0020716565
0.10551297 -0.095464118
-1

2
14 3 2 1 1
16 3 2 1 -1
0.11191098
-3.10902e-005
0.11750652 -0.10631543
-1

3
13 0 6 8 1
16 0 3 4 -2
13 4 3 4 -2
0.1009622
-0.0012768152
-0.095914088 0.1060103
1

2
0 15 10 5 1
10 15 10 5 -1
0.11790241
0.13990721
-0.11200728 0.12379752
1

2
5 2 9 7 1
5 9 9 7 -1
0.12449846
-0.041410848
-0.11827354 0.13072339
1

2
4 0 8 1 1
12 0 8 1 -1
0.12838706
-0.016896348
0.13480641 -0.12196771
-1

2
4 1 10 5 1
4 6 10 5 -1
0.13252942
-0.010927895
0.13915589 -0.12590295
-1

2
1 19 3 1 1
2 19 1 1 -2
0.10729173
0.002332537
0.11265631 -0.10192714
-1

2
3 0 6 20 1
5 0 2 20 -2
0.11844607
0.20257771
-0.11252376 0.12436836
1

2
9 6 1 2 1
10 6 1 2 -1
0.10395741
-0.00075677852
0.10915528 -0.098759539
-1

2
8 4 12 2 1
12 4 4 2 -2
0.11118826
0.074811257
0.11674766 -0.10562884
-1

2
0 11 3 8 1
3 11 3 8 -1
0.12526393
0.072640248
-0.11900073 0.13152713
1

3
9 17 2 2 1
10 17 1 1 -2
9 18 1 1 -2
0.12142572
0.00095463276
0.127497 -0.11535443
-1

2
5 2 1 1 1
5 3 1 1 -1
0.11303747
0.00047018655
-0.1073856 0.11868934
1

2
2 11 1 2 1
3 11 1 2 -1
0.10859639
-0.00035887823
0.1140262 -0.10316657
-1

2
14 2 3 3 1
14 3 3 1 -2
0.10195127
0.0037579502
0.10704883 -0.096853703
-1

2
6 13 1 4 1
7 13 1 4 -1
0.1182707
0.0034910524
0.12418423 -0.11235717
-1

2
0 0 6 2 1
6 0 6 2 -1
0.11208244
0.020911712
-0.10647832 0.11768656
1

2
0 16 8 1 1
0 17 8 1 -1
0.11660885
0.0066354726
0.12243929 -0.11077841
-1

2
4 12 11 1 1
4 13 11 1 -1
0.10874042
-0.0056360178
0.11417744 -0.1033034
-1

2
3 12 2 1 1
3 13 2 1 -1
0.10109676
-0.00035135559
-0.096041918 0.10615159
1

2
6 10 9 1 1
6 11 9 1 -1
0.10693571
-0.0010612559
0.11228249 -0.10158892
-1

3
0 10 12 2 1
6 10 6 1 -2
0 11 6 1 -2
0.098872326
-0.0019367859
0.10381594 -0.09392871
-1

2
0 5 4 1 1
0 6 4 1 -1
0.10198432
-4.3126533e-005
0.10708354 -0.096885107
-1

2
0 7 7 11 1
7 7 7 11 -1
0.098662019
-0.11559547
0.10359512 -0.093728915
-1

2
4 3 2 17 1
6 3 2 17 -1
0.105905
-0.00096182391
-0.10060974 0.11120024
1

2
19 17 1 1 1
19 18 1 1 -1
0.099726595
0.00018496274
0.10471292 -0.094740264
-1

2
8 8 1 1 1
9 8 1 1 -1
0.10129806
0.0007059222
-0.096233152 0.10636295
1

2
5 0 1 1 1
6 0 1 1 -1
0.10117578
-4.8834783e-005
0.10623457 -0.09611699
-1

2
0 0 9 13 1
3 0 3 13 -2
0.092254192
0.19871792
-0.087641478 0.096866898
1

2
0 19 3 1 1
1 19 1 1 -2
0.1001775
0.0027792794
0.10518637 -0.095168628
-1

2
12 0 1 20 1
13 0 1 20 -1
0.10334313
0.0055686045
0.10851028 -0.098175973
-1

3
12 8 4 2 1
14 8 2 1 -2
12 9 2 1 -2
0.10131018
0.00058001734
-0.09624467 0.10637568
1

2
2 0 1 1 1
3 0 1 1 -1
0.088631697
-4.5511504e-005
0.09306328 -0.084200114
-1

3
0 6 12 14 1
6 6 6 7 -2
0 13 6 7 -2
0.10519101
-0.059824266
0.11045056 -0.099931464
-1

2
1 11 18 3 1
7 11 6 3 -2
0.105258
0.18636109
0.11052089 -0.099995092
-1

3
0 14 6 6 1
3 14 3 3 -2
0 17 3 3 -2
0.11442441
-0.018568186
0.12014562 -0.10870319
-1

3
7 14 6 6 1
10 14 3 3 -2
7 17 3 3 -2
0.10363442
0.010649268
0.10881614 -0.098452702
-1

2
6 0 11 9 1
6 3 11 3 -2
0.11087396
0.10257547
0.11641765 -0.10533026
-1

3
7 12 6 8 1
10 12 3 4 -2
7 16 3 4 -2
0.11311344
-0.0072878329
-0.10745776 0.11876911
1

3
6 13 4 2 1
8 13 2 1 -2
6 14 2 1 -2
0.094409995
0.00094031898
-0.089689493 0.099130489
1

2
0 14 3 1 1
0 15 3 1 -1
0.095441699
0.0019611572
0.10021378 -0.09066961
-1

3
0 8 8 12 1
4 8 4 6 -2
0 14 4 6 -2
0.12072168
0.027788987
-0.1146856 0.12675776
1

2
2 7 1 1 1
2 8 1 1 -1
0.10043219
0.001260942
0.10545379 -0.095410578
-1

2
8 0 6 5 1
14 0 6 5 -1
0.1081342
-0.039367724
0.1135409 -0.10272749
-1

2
2 4 4 1 1
2 5 4 1 -1
0.10431943
-0.0016405818
0.1095354 -0.099103458
-1

2
13 0 1 3 1
14 0 1 3 -1
0.091514826
-0.001846226
-0.086939082 0.096090563
1

3
12 4 2 2 1
13 4 1 1 -2
12 5 1 1 -2
0.10972166
-0.00080968527
0.11520774 -0.10423557
-1

3
0 0 2 10 1
1 0 1 5 -2
0 5 1 5 -2
0.090701282
0.00049334468
0.095236339 -0.086166218
-1

3
8 3 6 8 1
11 3 3 4 -2
8 7 3 4 -2
0.088331871
0.0043674554
-0.083915278 0.092748463
1

2
13 4 4 5 1
13 9 4 5 -1
0.099246696
0.0061016176
-0.094284363 0.10420903
1

2
11 7 3 3 1
11 10 3 3 -1
0.10708623
0.012640018
0.11244054 -0.10173192
-1

2
9 3 1 2 1
10 3 1 2 -1
0.099087097
-0.0020840364
0.10404145 -0.094132744
-1

3
14 6 2 6 1
15 6 1 3 -2
14 9 1 3 -2
0.098420091
-0.0024675964
-0.093499087 0.10334109
1

2
4 4 3 2 1
5 4 1 2 -2
0.11267681
0.00041099256
0.11831065 -0.10704298
-1

2
9 0 1 1 1
10 0 1 1 -1
0.10785776
-0.0010541989
-0.10246487 0.11325064
1

3
4 3 2 2 1
5 3 1 1 -2
4 4 1 1 -2
0.10901431
-0.00080219313
0.11446502 -0.10356359
-1

2
9 4 1 1 1
10 4 1 1 -1
0.0918312
0.0004285255
-0.087239638 0.096422754
1

3
3 6 2 8 1
4 6 1 4 -2
3 10 1 4 -2
0.096575119
-0.0030465573
-0.09174636 0.10140387
1

3
16 13 2 6 1
17 13 1 3 -2
16 16 1 3 -2
0.10560233
0.0049174209
-0.10032222 0.11088245
1

2
10 5 6 1 1
10 6 6 1 -1
0.10038367
-0.00026954489
0.10540285 -0.095364481
-1

2
2 15 2 1 1
4 15 2 1 -1
0.095300391
0.0034688094
-0.090535372 0.1000654
1

3
4 5 12 2 1
10 5 6 1 -2
4 6 6 1 -2
0.10446668
0.0075796247
0.10969 -0.099243343
-1

3
9 1 4 16 1
11 1 2 8 -2
9 9 2 8 -2
0.10632132
-0.014923935
0.11163738 -0.10100526
-1

2
2 4 4 4 1
6 4 4 4 -1
0.099455878
0.016820103
0.10442866 -0.094483085
-1

2
6 4 1 1 1
7 4 1 1 -1
0.10841835
0.00059032848
-0.10299744 0.11383927
1

2
9 11 1 4 1
9 15 1 4 -1
0.092276894
0.0027602674
0.096890733 -0.087663047
-1

2
0 0 9 1 1
9 0 9 1 -1
0.092131563
0.017675756
-0.08752498 0.096738137
1

3
6 0 8 4 1
10 0 4 2 -2
6 2 4 2 -2
0.11185761
0.0071803126
0.11745048 -0.10626473
-1

3
11 3 6 6 1
14 3 3 3 -2
11 6 3 3 -2
0.094811037
0.012714627
-0.090070486 0.099551581
1

2
9 2 1 5 1
9 7 1 5 -1
0.094812222
0.0082871439
0.099552825 -0.090071611
-1

2
8 4 1 3 1
9 4 1 3 -1
0.10920091
-0.0034224086
0.11466095 -0.10374086
-1

2
10 16 3 1 1
10 17 3 1 -1
0.08931955
0.0012975043
-0.084853575 0.093785524
1

2
10 15 1 1 1
11 15 1 1 -1
0.095532112
0.0014680715
0.10030872 -0.090755507
-1

2
1 0 1 10 1
1 10 1 10 -1
0.11220509
0.027773676
-0.10659483 0.11781534
1

2
1 9 3 1 1
1 10 3 1 -1
0.10816257
0.002829971
0.1135707 -0.10275444
-1

3
10 1 6 10 1
13 1 3 5 -2
10 6 3 5 -2
0.10650613
-0.014622707
0.11183143 -0.10118082
-1

2
8 15 4 2 1
8 17 4 2 -1
0.096638501
-0.00036008991
0.10147042 -0.091806576
-1

2
8 12 2 4 1
8 16 2 4 -1
0.10483354
-0.0086927973
-0.099591866 0.11007521
1

3
0 5 2 8 1
1 5 1 4 -2
0 9 1 4 -2
0.094357535
-0.0070802663
0.099075407 -0.089639656
-1

2
10 5 1 1 1
10 6 1 1 -1
0.1027988
-0.0013610971
-0.097658858 0.10793873
1

3
0 2 2 12 1
1 2 1 6 -2
0 8 1 6 -2
0.093722835
0.002340514
-0.089036696 0.098408975
1

2
12 17 1 1 1
12 18 1 1 -1
0.08662238
0.00037615688
-0.08229126 0.090953492
1

2
0 17 1 1 1
0 18 1 1 -1
0.084600985
0.00025045869
0.08883103 -0.080370933
-1

3
12 14 8 6 1
16 14 4 3 -2
12 17 4 3 -2
0.096827269
-0.012495568
0.10166863 -0.091985904
-1

2
14 10 3 1 1
14 11 3 1 -1
0.094744124
-0.0010642466
-0.090006918 0.099481322
1

3
0 6 2 4 1
1 6 1 2 -2
0 8 1 2 -2
0.096573696
-0.0021803377
0.10140237 -0.091745012
-1

2
18 12 1 1 1
18 13 1 1 -1
0.092430152
-0.00041809396
-0.087808646 0.097051658
1

2
13 4 3 1 1
14 4 1 1 -2
0.094737217
0.00017838486
0.099474072 -0.090000354
-1

2
12 16 1 2 1
13 16 1 2 -1
0.10764067
0.0027644807
0.1130227 -0.10225864
-1

3
10 14 8 6 1
14 14 4 3 -2
10 17 4 3 -2
0.10202705
0.024291662
-0.096925698 0.1071284
1

2
6 0 1 4 1
7 0 1 4 -1
0.090808757
0.00011608034
0.095349193 -0.086268321
-1

2
5 0 2 12 1
7 0 2 12 -1
0.087662712
-0.0059668813
-0.083279572 0.092045844
1

3
4 0 2 4 1
5 0 1 2 -2
4 2 1 2 -2
0.087714329
-0.0010584447
0.092100039 -0.083328612
-1

2
13 3 1 1 1
13 4 1 1 -1
0.083571397
5.4760054e-005
-0.079392828 0.087749965
1

3
4 0 4 8 1
6 0 2 4 -2
4 4 2 4 -2
0.085656218
-0.0043485709
-0.081373408 0.089939028
1

3
4 10 8 2 1
8 10 4 1 -2
4 11 4 1 -2
0.085147478
-0.0027341193
0.089404851 -0.080890104
-1

2
15 0 1 1 1
16 0 1 1 -1
0.089592032
-8.2271668e-005
-0.08511243 0.094071627
1

3
5 10 8 2 1
9 10 4 1 -2
5 11 4 1 -2
0.10026809
0.0038604485
-0.095254682 0.10528149
1

2
16 9 1 1 1
17 9 1 1 -1
0.10355807
0.0015798905
0.10873597 -0.098380163
-1

2
2 0 9 8 1
11 0 9 8 -1
0.1038967
-0.13927083
0.10909153 -0.098701864
-1

2
12 14 1 6 1
13 14 1 6 -1
0.10451142
-0.0020839376
-0.099285848 0.10973699
1

3
11 16 6 4 1
14 16 3 2 -2
11 18 3 2 -2
0.091294341
-0.0050204755
0.095859051 -0.086729623
-1

3
1 0 6 10 1
4 0 3 5 -2
1 5 3 5 -2
0.096042946
0.022843819
0.10084509 -0.091240801
-1

2
13 3 4 1 1
13 4 4 1 -1
0.10156511
-0.0048669628
0.10664336 -0.096486852
-1

2
8 0 2 1 1
10 0 2 1 -1
0.089998797
-0.0014911479
-0.085498855 0.094498731
1

2
10 4 1 1 1
11 4 1 1 -1
0.089934468
-0.0010626679
0.094431184 -0.085437745
-1

2
10 4 1 1 1
11 4 1 1 -1
0.093901642
0.00016496229
-0.089206561 0.098596722
1

2
8 0 2 1 1
10 0 2 1 -1
0.08668112
0.0012358599
0.091015175 -0.082347065
-1

3
3 1 6 2 1
6 1 3 1 -2
3 2 3 1 -2
0.092729561
0.0044750813
-0.08809308 0.097366035
1

2
0 0 2 1 1
0 1 2 1 -1
0.094747528
0.0016601911
0.099484898 -0.090010151
-1

2
8 0 6 7 1
14 0 6 7 -1
0.095955282
0.097463742
-0.091157518 0.10075304
1

2
9 3 2 8 1
9 11 2 8 -1
0.08919166
0.021954477
0.093651243 -0.084732078
-1

2
5 6 7 3 1
5 9 7 3 -1
0.08580751
0.0075032725
-0.08151713 0.090097882
1

2
4 8 10 1 1
4 9 10 1 -1
0.097685531
-0.0035452289
0.1025698 -0.092801251
-1

3
2 9 14 6 1
9 9 7 3 -2
2 12 7 3 -2
0.10189819
0.011391295
0.10699309 -0.096803278
-1

2
1 13 9 6 1
10 13 9 6 -1
0.083364695
-0.042407084
0.087532923 -0.079196461
-1

2
2 1 1 5 1
3 1 1 5 -1
0.091178976
5.2340911e-005
-0.086620025 0.095737919
1

2
15 7 3 2 1
15 9 3 2 -1
0.08515618
0.0019186049
-0.080898367 0.089413986
1

2
16 6 1 3 1
16 9 1 3 -1
0.091272496
0.0047635706
0.095836118 -0.086708874
-1

2
11 6 9 12 1
14 6 3 12 -2
0.11359329
0.066841125
0.11927295 -0.10791362
-1

2
3 10 1 1 1
3 11 1 1 -1
0.096077666
-0.0003957329
-0.091273785 0.10088155
1

2
18 5 1 1 1
19 5 1 1 -1
0.097077183
-0.0011157222
0.10193104 -0.092223324
-1

2
4 4 5 6 1
4 6 5 2 -2
0.096732423
0.029331693
-0.091895804 0.10156904
1

2
0 1 2 3 1
0 2 2 1 -2
0.08925055
0.002776335
0.093713075 -0.084788024
-1

3
11 14 2 6 1
12 14 1 3 -2
11 17 1 3 -2
0.096581161
0.0034708085
0.10141022 -0.091752104
-1

3
1 8 12 12 1
7 8 6 6 -2
1 14 6 6 -2
0.10750906
-0.062538072
0.11288451 -0.10213361
-1

2
12 7 3 3 1
12 10 3 3 -1
0.098018996
-0.00098264229
-0.093118042 0.10291994
1

2
10 11 1 1 1
10 12 1 1 -1
0.088540129
0.00071980228
-0.084113121 0.09296713
1

2
14 6 1 2 1
15 6 1 2 -1
0.089804746
-3.8064773e-005
0.09429498 -0.085314505
-1

3
14 0 2 10 1
15 0 1 5 -2
14 5 1 5 -2
0.0842456
0.0021021203
0.088457875 -0.080033317
-1

2
4 14 1 1 1
4 15 1 1 -1
0.092353009
0.00031198701
-0.087735355 0.096970655
1

2
5 4 1 6 1
6 4 1 6 -1
0.083039127
-8.8903776e-005
-0.078887172 0.087191083
1

3
6 3 4 16 1
8 3 2 8 -2
6 11 2 8 -2
0.082886443
0.0020262392
-0.078742117 0.087030761
1

3
8 1 6 16 1
11 1 3 8 -2
8 9 3 8 -2
0.078169383
0.017302906
-0.074260913 0.082077846
1

2
14 0 1 3 1
15 0 1 3 -1
0.087335229
-0.0018905748
-0.082968466 0.091701984
1

2
4 13 8 7 1
12 13 8 7 -1
0.10462379
0.1506062
-0.0993926 0.10985498
1

2
3 10 1 1 1
3 11 1 1 -1
0.10164445
0.0011483339
0.10672667 -0.096562222
-1

3
18 4 2 6 1
19 4 1 3 -2
18 7 1 3 -2
0.10356461
0.00381542
-0.098386377 0.10874284
1

2
12 15 2 5 1
14 15 2 5 -1
0.088876605
0.0040626074
0.093320429 -0.084432773
-1

2
11 3 1 2 1
12 3 1 2 -1
0.079892933
-0.0013424254
0.083887577 -0.075898282
-1

2
13 14 1 6 1
14 14 1 6 -1
0.093770571
-0.0008620125
-0.08908204 0.098459095
1

2
17 5 3 2 1
17 7 3 2 -1
0.081161797
-0.00029818059
0.085219882 -0.077103704
-1

3
16 4 4 6 1
18 4 2 3 -2
16 7 2 3 -2
0.085271381
-0.0049234414
0.089534946 -0.081007808
-1

2
8 4 3 4 1
8 8 3 4 -1
0.083075173
-0.0022293087
-0.078921415 0.087228931
1

3
4 1 6 10 1
7 1 3 5 -2
4 6 3 5 -2
0.092345528
0.0097841397
-0.087728254 0.096962802
1

3
8 14 2 6 1
9 14 1 3 -2
8 17 1 3 -2
0.095318913
0.0027845153
0.10008486 -0.090552963
-1

2
4 15 8 5 1
12 15 8 5 -1
0.10016873
-0.13100639
0.10517716 -0.095160291
-1

3
3 0 16 14 1
11 0 8 7 -2
3 7 8 7 -2
0.10324927
0.10582996
0.10841173 -0.098086812
-1

3
13 2 6 18 1
16 2 3 9 -2
13 11 3 9 -2
0.096196041
-0.0397452
0.10100584 -0.091386236
-1

2
5 0 2 6 1
7 0 2 6 -1
0.092590205
-0.00056916667
0.097219713 -0.087960698
-1

2
6 7 1 1 1
7 7 1 1 -1
0.081094906
0.00027412499
-0.077040158 0.085149646
1

2
10 3 2 15 1
12 3 2 15 -1
0.0878506
-0.01198614
-0.083458066 0.092243128
1

2
10 5 1 1 1
11 5 1 1 -1
0.099007837
-0.0005204645
0.10395823 -0.094057441
-1

2
18 14 1 1 1
18 15 1 1 -1
0.092373423
-0.00028708484
-0.087754749 0.09699209
1

2
15 16 2 2 1
17 16 2 2 -1
0.090636894
-0.0016351652
0.095168732 -0.086105049
-1

2
18 0 1 2 1
19 0 1 2 -1
0.082070567
-0.00011081515
-0.07796704 0.086174093
1

3
8 13 6 2 1
11 13 3 1 -2
8 14 3 1 -2
0.084906518
-0.0013351451
0.089151837 -0.080661193
-1

3
8 13 6 2 1
11 13 3 1 -2
8 14 3 1 -2
0.081428014
0.0021434987
-0.077356614 0.085499413
1

2
15 13 3 1 1
15 14 3 1 -1
0.10515909
0.0035915994
0.11041704 -0.099901132
-1

3
4 0 4 14 1
6 0 2 7 -2
4 7 2 7 -2
0.094582736
0.0068282699
-0.0898536 0.099311866
1

2
0 3 1 4 1
1 3 1 4 -1
0.080803558
-0.00029813204
-0.076763377 0.084843732
1

2
0 0 2 1 1
2 0 2 1 -1
0.086576819
-0.0019601197
0.090905659 -0.08224798
-1

2
11 4 1 6 1
11 6 1 2 -2
0.088140868
0.015928539
0.092547908 -0.083733827
-1

2
18 8 1 1 1
19 8 1 1 -1
0.097550832
0.0012808188
-0.092673287 0.10242837
1

3
18 3 2 14 1
19 3 1 7 -2
18 10 1 7 -2
0.082231134
0.00014586067
0.086342685 -0.078119576
-1

2
15 7 3 1 1
15 8 3 1 -1
0.081900075
-0.00035765491
-0.077805072 0.085995078
1

3
5 8 14 12 1
12 8 7 6 -2
5 14 7 6 -2
0.084991463
-0.017641941
0.089241035 -0.08074189
-1

2
3 1 5 1 1
3 2 5 1 -1
0.0805334
-0.00073792413
0.084560066 -0.076506726
-1

2
0 0 10 2 1
0 2 10 2 -1
0.090409964
-0.00045715936
-0.085889466 0.094930455
1

2
3 1 16 8 1
3 9 16 8 -1
0.088369086
0.0086349007
0.092787534 -0.083950631
-1

3
12 3 2 8 1
13 3 1 4 -2
12 7 1 4 -2
0.093383722
-0.0024255461
0.098052904 -0.088714533
-1

2
7 2 6 8 1
7 10 6 8 -1
0.089126483
-0.018658424
-0.084670156 0.093582802
1

3
2 14 4 6 1
4 14 2 3 -2
2 17 2 3 -2
0.093409039
-0.010938554
0.098079488 -0.088738583
-1

2
0 15 2 1 1
0 16 2 1 -1
0.094829336
-0.00081257761
-0.090087868 0.099570796
1

2
0 0 7 1 1
7 0 7 1 -1
0.08994966
-0.023387456
0.094447136 -0.085452177
-1

2
2 6 1 2 1
3 6 1 2 -1
0.08822421
-0.0026850665
-0.083812997 0.092635415
1

3
1 14 4 6 1
3 14 2 3 -2
1 17 2 3 -2
0.09739089
0.0071123932
-0.092521347 0.10226043
1

2
13 1 1 1 1
14 1 1 1 -1
0.083582796
-7.3990639e-005
-0.079403654 0.087761931
1

2
0 14 2 2 1
0 16 2 2 -1
0.083181724
0.00029585775
0.087340809 -0.079022638
-1

3
4 2 2 2 1
5 2 1 1 -2
4 3 1 1 -2
0.080610871
-0.00045023969
0.084641412 -0.076580323
-1

3
13 0 6 10 1
16 0 3 5 -2
13 5 3 5 -2
0.082375281
0.015389864
0.086494043 -0.078256518
-1

2
4 10 12 2 1
4 12 12 2 -1
0.083541393
0.0164202
-0.079364322 0.087718457
1

2
5 11 14 1 1
5 12 14 1 -1
0.099555232
-0.00034466467
0.10453299 -0.094577469
-1

3
15 0 2 10 1
16 0 1 5 -2
15 5 1 5 -2
0.094922617
-0.0050703096
-0.090176485 0.099668741
1

3
15 16 2 4 1
16 16 1 2 -2
15 18 1 2 -2
0.095805012
0.0030205359
-0.091014758 0.10059526
1

2
8 15 1 1 1
9 15 1 1 -1
0.093973659
-0.0013234231
-0.089274973 0.098672338
1

2
6 13 7 7 1
13 13 7 7 -1
0.099253342
-0.15815127
0.104216 -0.094290674
-1

2
13 11 4 1 1
13 12 4 1 -1
0.091500133
-0.0012116164
-0.086925127 0.096075132
1

2
0 0 9 1 1
9 0 9 1 -1
0.084331311
0.0087682335
-0.080114745 0.088547871
1

3
4 4 6 14 1
7 4 3 7 -2
4 11 3 7 -2
0.087071188
-0.00045369728
-0.082717627 0.091424741
1

2
2 2 4 6 1
6 2 4 6 -1
0.086284481
0.0025668878
0.090598702 -0.08197026
-1

2
3 4 1 7 1
4 4 1 7 -1
0.084061995
-8.6187756e-005
-0.079858892 0.088265091
1

2
2 1 2 1 1
2 2 2 1 -1
0.084401749
-0.00059042266
0.088621832 -0.080181658
-1

2
9 15 1 3 1
10 15 1 3 -1
0.08504954
0.0033326659
0.089302011 -0.080797061
-1

3
18 6 2 14 1
19 6 1 7 -2
18 13 1 7 -2
0.10099658
0.019786596
-0.095946752 0.10604641
1

2
4 0 2 1 1
6 0 2 1 -1
0.093202256
-0.0044962866
-0.088542141 0.097862363
1

2
6 14 7 1 1
6 15 7 1 -1
0.091409139
-0.0049039121
0.095979594 -0.086838685
-1

2
1 13 17 2 1
1 15 17 2 -1
0.091648623
-0.017114731
-0.087066188 0.096231051
1

3
8 14 12 2 1
14 14 6 1 -2
8 15 6 1 -2
0.098372459
0.003041937
-0.093453832 0.10329108
1

2
15 1 2 1 1
17 1 2 1 -1
0.081045084
0.001497122
-0.076992832 0.085097335
1

2
1 14 19 2 1
1 16 19 2 -1
0.079995245
0.022357726
0.083995 -0.075995483
-1

3
0 2 6 2 1
3 2 3 1 -2
0 3 3 1 -2
0.086763509
0.0010090995
-0.082425334 0.091101676
1

2
7 4 2 1 1
7 5 2 1 -1
0.078406431
0.00028172051
0.082326747 -0.074486107
-1

2
1 5 19 6 1
1 11 19 6 -1
0.094215572
-0.039885934
0.098926343 -0.089504793
-1

2
7 14 1 2 1
8 14 1 2 -1
0.096413486
-0.0021878004
-0.091592811 0.10123415
1

3
8 12 4 2 1
10 12 2 1 -2
8 13 2 1 -2
0.092712432
-0.0025067898
0.097348049 -0.088076808
-1

2
3 11 3 1 1
3 12 3 1 -1
0.082425676
-0.0010843965
-0.078304395 0.086546957
1

3
0 12 6 8 1
3 12 3 4 -2
0 16 3 4 -2
0.094000481
-0.019481326
0.098700501 -0.089300454
-1

2
2 16 1 1 1
2 17 1 1 -1
0.080462769
-0.00050958293
-0.076439627 0.084485903
1

3
0 11 4 8 1
2 11 2 4 -2
0 15 2 4 -2
0.09973973
0.0032189779
-0.094752744 0.10472671
1

2
1 17 9 2 1
4 17 3 2 -2
0.078355573
0.023671485
0.082273349 -0.074437797
-1

2
1 1 9 19 1
4 1 3 19 -2
0.093289711
0.28919864
-0.088625222 0.097954191
1

2
7 2 6 8 1
9 2 2 8 -2
0.081910193
0.075636163
0.086005695 -0.077814683
-1

2
11 4 1 3 1
11 5 1 1 -2
0.098399192
0.0044999244
-0.093479231 0.10331915
1

2
4 13 1 1 1
4 14 1 1 -1
0.078591004
4.5011064e-005
-0.074661456 0.082520552
1

2
8 4 1 1 1
9 4 1 1 -1
0.084421635
0.0010489475
-0.080200553 0.088642709
1

2
0 2 12 1 1
4 2 4 1 -2
0.097188987
0.036384821
0.10204843 -0.092329539
-1

2
2 2 16 12 1
2 6 16 4 -2
0.098951899
0.040074181
0.10389949 -0.094004303
-1

2
3 13 2 1 1
3 14 2 1 -1
0.10376124
0.0026003711
0.1089493 -0.098573178
-1

3
7 3 2 2 1
8 3 1 1 -2
7 4 1 1 -2
0.091718242
-0.001258508
0.096304148 -0.087132327
-1

2
9 5 2 2 1
9 7 2 2 -1
0.081911966
-0.0036835624
-0.077816367 0.086007558
1

3
1 5 2 6 1
2 5 1 3 -2
1 8 1 3 -2
0.08921425
0.0011482838
-0.084753536 0.093674958
1

3
3 3 2 6 1
4 3 1 3 -2
3 6 1 3 -2
0.082390293
-0.00018452316
-0.078270778 0.086509801
1

3
3 14 2 2 1
4 14 1 1 -2
3 15 1 1 -2
0.082353286
0.00022841166
-0.078235619 0.086470947
1

2
4 5 2 1 1
6 5 2 1 -1
0.084495589
-0.00063541369
-0.080270812 0.088720366
1

2
10 3 1 7 1
10 10 1 7 -1
0.081668533
0.0040110778
0.085751958 -0.077585109
-1

2
5 9 15 1 1
5 10 15 1 -1
0.079169489
0.0060055321
-0.075211011 0.083127961
1

2
3 10 3 1 1
3 11 3 1 -1
0.084071167
0.0033086392
0.088274725 -0.079867609
-1

2
2 0 9 1 1
11 0 9 1 -1
0.097805038
-0.025604613
0.10269529 -0.092914782
-1

3
9 11 2 8 1
10 11 1 4 -2
9 15 1 4 -2
0.092497535
0.0046379366
0.097122408 -0.087872654
-1

3
8 12 2 2 1
9 12 1 1 -2
8 13 1 1 -2
0.094657913
0.00063587411
-0.089925013 0.099390805
1

2
19 16 1 1 1
19 17 1 1 -1
0.076326042
-0.00036891564
-0.072509736 0.080142342
1

3
8 12 2 2 1
9 12 1 1 -2
8 13 1 1 -2
0.092610069
-0.0008727251
0.097240567 -0.087979563
-1

2
2 18 1 2 1
3 18 1 2 -1
0.07683146
-0.00014669615
-0.072989888 0.080673032
1

2
12 7 1 3 1
13 7 1 3 -1
0.079313144
-0.0011142043
0.083278798 -0.075347483
-1

2
10 6 2 1 1
10 7 2 1 -1
0.086347178
0.0018651836
0.090664536 -0.082029819
-1

2
13 4 4 3 1
13 7 4 3 -1
0.10157489
0.0028598635
-0.096496142 0.10665363
1

2
10 0 3 8 1
13 0 3 8 -1
0.091443792
-0.00044639769
-0.086871602 0.096015975
1

3
6 1 8 14 1
10 1 4 7 -2
6 8 4 7 -2
0.082139656
0.020998992
-0.078032672 0.086246632
1

3
9 10 2 8 1
10 10 1 4 -2
9 14 1 4 -2
0.084187932
-0.0036619871
-0.079978533 0.088397324
1

3
5 4 2 2 1
6 4 1 1 -2
5 5 1 1 -2
0.094296679
0.0011007875
-0.089581847 0.099011511
1

2
6 2 4 1 1
10 2 4 1 -1
0.086683929
0.0089205373
0.091018118 -0.082349733
-1

3
3 4 6 2 1
6 4 3 1 -2
3 5 3 1 -2
0.098321587
-0.0023743189
0.10323766 -0.093405508
-1

2
8 1 6 4 1
14 1 6 4 -1
0.078596808
0.0060013058
0.082526647 -0.074666969
-1

2
18 16 1 3 1
18 17 1 1 -2
0.079959333
0.0018496368
0.083957292 -0.075961366
-1

3
8 13 2 6 1
9 13 1 3 -2
8 16 1 3 -2
0.098660111
-0.0032912788
-0.093727104 0.10359311
1

2
8 18 1 1 1
8 19 1 1 -1
0.093564086
0.00077477825
-0.088885881 0.098242283
1

2
16 5 2 1 1
16 6 2 1 -1
0.082277909
-0.00029127282
0.086391799 -0.078164011
-1

2
6 15 1 1 1
6 16 1 1 -1
0.082119524
0.0002566154
-0.078013547 0.086225495
1

2
3 0 4 7 1
3 7 4 7 -1
0.07528495
-0.015132343
-0.071520701 0.079049192
1

3
5 3 8 10 1
9 3 4 5 -2
5 8 4 5 -2
0.080638215
-0.005743308
0.084670119 -0.076606303
-1

2
11 3 2 6 1
11 9 2 6 -1
0.081092015
0.0075984122
0.085146613 -0.077037416
-1

2
9 5 1 1 1
10 5 1 1 -1
0.082058527
-0.00077384658
0.08616145 -0.077955596
-1

2
10 5 1 3 1
10 8 1 3 -1
0.079289243
0.0064830594
0.083253704 -0.075324781
-1

2
8 1 2 6 1
10 1 2 6 -1
0.10095528
0.016509183
-0.095907509 0.10600304
1

