181
766
64
1.77156
540
352
2
14 0 3 18 1
17 0 3 18 -1
0.44351828
0.10044405
-0.41690719 0.47012934
1

2
5 1 3 4 1
8 1 3 4 -1
0.31812847
-0.013903124
0.33721617 -0.29904076
-1

2
0 0 3 4 1
3 0 3 4 -1
0.22429933
-0.012508294
0.23775728 -0.21084137
-1

2
5 4 1 1 1
5 5 1 1 -1
0.20679322
-0.00079100073
0.2192008 -0.19438562
-1

2
3 5 4 1 1
7 5 4 1 -1
0.19160552
-0.00038393855
0.20310184 -0.18010919
-1

2
7 17 1 1 1
7 18 1 1 -1
0.18911281
0.00042092265
-0.17776604 0.20045957
1

2
16 4 1 1 1
17 4 1 1 -1
0.16850069
-0.00058355549
0.17861073 -0.15839066
-1

3
10 0 10 4 1
15 0 5 2 -2
10 2 5 2 -2
0.16871676
0.00288074
-0.15859376 0.17883976
1

2
0 0 10 20 1
10 0 10 20 -1
0.1611957
0.37190843
-0.15152395 0.17086743
1

3
9 16 2 4 1
10 16 1 2 -2
9 18 1 2 -2
0.18406887
0.0020164358
0.19511299 -0.17302474
-1

2
7 4 9 1 1
10 4 3 1 -2
0.17857608
0.00048544855
0.18929064 -0.16786152
-1

3
4 0 12 18 1
10 0 6 9 -2
4 9 6 9 -2
0.17278895
-0.064503267
-0.16242161 0.18315628
1

3
2 3 2 2 1
3 3 1 1 -2
2 4 1 1 -2
0.17426002
-0.00064357399
0.18471561 -0.16380441
-1

2
1 2 2 1 1
1 3 2 1 -1
0.14388941
-0.00018050682
0.15252277 -0.13525605
-1

2
3 12 15 1 1
3 13 15 1 -1
0.14666663
-0.0012250033
0.15546662 -0.13786663
-1

2
2 9 1 2 1
3 9 1 2 -1
0.14195028
7.4808682e-005
0.15046729 -0.13343327
-1

3
0 6 10 14 1
5 6 5 7 -2
0 13 5 7 -2
0.14336643
-0.045422792
0.1519684 -0.13476443
-1

3
14 6 2 10 1
15 6 1 5 -2
14 11 1 5 -2
0.16513126
0.0049395044
0.17503913 -0.15522338
-1

2
2 0 9 19 1
11 0 9 19 -1
0.15951137
-0.42775071
0.16908205 -0.14994068
-1

2
10 0 1 1 1
11 0 1 1 -1
0.16897912
-0.0009079093
-0.15884037 0.17911786
1

3
7 1 8 10 1
11 1 4 5 -2
7 6 4 5 -2
0.1573261
-0.018353717
0.16676566 -0.14788653
-1

2
5 9 8 5 1
5 14 8 5 -1
0.14520608
0.051803395
0.15391843 -0.13649371
-1

2
6 15 8 1 1
6 16 8 1 -1
0.1522454
-0.0040660473
0.16138011 -0.14311068
-1

2
15 14 1 1 1
15 15 1 1 -1
0.14582703
4.5366764e-005
-0.13707741 0.15457664
1

2
14 4 1 1 1
15 4 1 1 -1
0.13186902
-0.00046126879
0.13978115 -0.12395687
-1

2
13 0 1 1 1
14 0 1 1 -1
0.13846523
5.0709827e-005
-0.13015731 0.14677313
1

2
7 9 6 1 1
7 10 6 1 -1
0.12116487
-0.0004400115
0.12843475 -0.11389498
-1

3
9 14 2 6 1
10 14 1 3 -2
9 17 1 3 -2
0.13574092
-0.0022788977
-0.12759647 0.14388537
1

2
11 3 6 4 1
13 3 2 4 -2
0.1549761
0.0097913928
0.16427466 -0.14567754
-1

2
13 0 1 1 1
14 0 1 1 -1
0.15233538
0.0015529898
0.16147549 -0.14319526
-1

3
18 2 2 18 1
19 2 1 9 -2
18 11 1 9 -2
0.14965916
0.014841416
-0.14067961 0.1586387
1

3
2 6 18 2 1
11 6 9 1 -2
2 7 9 1 -2
0.14047547
-0.0087143024
-0.13204694 0.14890398
1

3
10 1 6 10 1
13 1 3 5 -2
10 6 3 5 -2
0.14498754
-0.022112401
0.15368678 -0.13628829
-1

2
10 0 1 1 1
11 0 1 1 -1
0.14168721
0.0011468773
0.15018845 -0.13318598
-1

2
0 0 10 1 1
10 0 10 1 -1
0.14673565
0.027554583
-0.13793151 0.15553978
1

2
10 3 3 2 1
13 3 3 2 -1
0.14452933
0.00072888611
-0.13585757 0.15320107
1

2
16 0 1 1 1
17 0 1 1 -1
0.1282181
0.00036625154
-0.12052501 0.13591118
1

2
1 5 12 1 1
5 5 4 1 -2
0.12411883
0.035020981
0.13156594 -0.1166717
-1

3
14 1 4 2 1
16 1 2 1 -2
14 2 2 1 -2
0.1531814
-0.0011326696
0.16237228 -0.14399052
-1

2
9 17 3 1 1
9 18 3 1 -1
0.12468025
0.0012116465
-0.11719944 0.13216107
1

3
10 16 2 4 1
11 16 1 2 -2
10 18 1 2 -2
0.12186912
0.0022974231
0.12918125 -0.11455697
-1

2
6 13 7 6 1
13 13 7 6 -1
0.16169925
-0.098626114
0.1714012 -0.1519973
-1

3
10 14 2 6 1
11 14 1 3 -2
10 17 1 3 -2
0.12767693
-0.0022753952
-0.12001631 0.13533755
1

3
2 16 6 4 1
5 16 3 2 -2
2 18 3 2 -2
0.14851953
0.0048819738
-0.13960835 0.15743069
1

2
16 11 2 1 1
16 12 2 1 -1
0.12339352
4.918898e-005
-0.11598991 0.13079712
1

2
7 14 9 1 1
7 15 9 1 -1
0.11955875
-0.0014616075
0.12673227 -0.11238523
-1

2
6 12 13 4 1
6 16 13 4 -1
0.12086006
-0.018346932
-0.11360846 0.12811166
1

2
17 7 2 6 1
17 13 2 6 -1
0.13429022
-0.016727176
0.14234762 -0.1262328
-1

3
9 14 2 4 1
10 14 1 2 -2
9 16 1 2 -2
0.13990059
0.00184744
0.14829463 -0.13150656
-1

3
3 1 8 10 1
7 1 4 5 -2
3 6 4 5 -2
0.13322064
0.025853056
-0.12522741 0.14121388
1

3
1 6 18 2 1
10 6 9 1 -2
1 7 9 1 -2
0.13513952
0.0064354227
0.14324789 -0.12703115
-1

2
11 11 2 1 1
11 12 2 1 -1
0.13921404
-0.0010375275
0.14756687 -0.13086119
-1

2
14 0 1 1 1
15 0 1 1 -1
0.12079182
4.981981e-005
-0.11354431 0.12803932
1

3
16 3 4 16 1
18 3 2 8 -2
16 11 2 8 -2
0.11734274
-0.00015412821
0.1243833 -0.11030217
-1

2
15 9 3 1 1
15 10 3 1 -1
0.12136148
-0.00021877639
-0.11407979 0.12864316
1

2
6 11 8 1 1
6 12 8 1 -1
0.13076553
0.0042127818
-0.1229196 0.13861145
1

2
14 0 1 1 1
15 0 1 1 -1
0.11729088
0.0012946349
0.12432833 -0.11025343
-1

2
3 4 6 1 1
5 4 2 1 -2
0.14804193
0.00082958682
0.15692444 -0.13915941
-1

2
8 0 1 1 1
9 0 1 1 -1
0.13589697
-0.0012206604
-0.12774315 0.14405078
1

2
0 0 10 20 1
10 0 10 20 -1
0.14294493
0.52333736
-0.13436824 0.15152162
1

2
8 0 1 1 1
9 0 1 1 -1
0.13928795
0.001244804
0.14764522 -0.13093068
-1

2
0 0 10 1 1
10 0 10 1 -1
0.14254247
-0.02261878
0.151095 -0.13398992
-1

3
0 0 20 6 1
10 0 10 3 -2
0 3 10 3 -2
0.12590405
-0.029115506
-0.11834981 0.13345829
1

3
13 16 4 4 1
15 16 2 2 -2
13 18 2 2 -2
0.13409738
0.0032257531
-0.12605155 0.14214322
1

2
10 4 1 1 1
11 4 1 1 -1
0.11962482
0.00064636499
-0.11244734 0.12680231
1

3
11 14 2 6 1
12 14 1 3 -2
11 17 1 3 -2
0.12416361
-0.0030968452
-0.11671379 0.13161342
1

2
7 3 1 3 1
8 3 1 3 -1
0.13982774
0.0019343921
-0.13143808 0.14821739
1

2
4 12 1 2 1
4 14 1 2 -1
0.11477272
3.0623534e-005
-0.10788636 0.12165908
1

3
4 15 2 2 1
5 15 1 1 -2
4 16 1 1 -2
0.12293474
0.00027188254
-0.11555865 0.13031082
1

3
8 14 2 6 1
9 14 1 3 -2
8 17 1 3 -2
0.10790498
-0.0024755846
-0.10143068 0.11437927
1

3
0 8 4 12 1
2 8 2 6 -2
0 14 2 6 -2
0.15199728
0.011571182
-0.14287744 0.16111711
1

2
2 11 1 2 1
2 13 1 2 -1
0.13032496
-7.9437603e-005
-0.12250546 0.13814445
1

3
5 15 2 2 1
6 15 1 1 -2
5 16 1 1 -2
0.11200165
4.832929e-005
-0.10528155 0.11872175
1

2
5 2 1 3 1
5 3 1 1 -2
0.115462
0.0017151047
0.12238971 -0.10853428
-1

2
11 0 1 1 1
12 0 1 1 -1
0.12503068
-0.0010370364
-0.11752884 0.13253252
1

3
10 3 4 14 1
12 3 2 7 -2
10 10 2 7 -2
0.13828798
-0.0067225252
0.14658524 -0.1299907
-1

2
9 2 2 2 1
9 4 2 2 -1
0.11028945
-0.00067876361
0.11690681 -0.10367208
-1

2
13 6 1 1 1
13 7 1 1 -1
0.11581696
-0.00010980327
0.12276597 -0.10886794
-1

3
12 3 2 2 1
13 3 1 1 -2
12 4 1 1 -2
0.1114526
0.00087116315
-0.10476544 0.11813975
1

3
2 17 16 2 1
10 17 8 1 -2
2 18 8 1 -2
0.12987319
0.005588965
0.13766557 -0.1220808
-1

2
8 1 2 7 1
10 1 2 7 -1
0.12394981
-0.01751616
0.13138679 -0.11651282
-1

3
13 6 2 12 1
14 6 1 6 -2
13 12 1 6 -2
0.12668629
0.0030868733
0.13428746 -0.11908511
-1

2
0 15 8 5 1
8 15 8 5 -1
0.12932713
0.092722721
-0.1215675 0.13708675
1

2
2 4 7 1 1
9 4 7 1 -1
0.1223985
-0.01563859
-0.11505459 0.1297424
1

3
13 16 6 4 1
16 16 3 2 -2
13 18 3 2 -2
0.13746564
-0.0054220487
0.14571357 -0.1292177
-1

3
0 14 8 6 1
4 14 4 3 -2
0 17 4 3 -2
0.11816789
-0.0073331599
0.12525795 -0.11107782
-1

2
2 9 1 1 1
2 10 1 1 -1
0.13236029
0.0012641794
0.1403019 -0.12441868
-1

2
0 19 5 1 1
5 19 5 1 -1
0.13696368
-0.0082829762
0.14518149 -0.12874585
-1

2
10 2 2 18 1
12 2 2 18 -1
0.11975877
0.017851837
0.12694429 -0.11257324
-1

2
11 2 1 1 1
12 2 1 1 -1
0.11999603
0.00014913012
-0.11279626 0.12719578
1

2
10 4 1 2 1
11 4 1 2 -1
0.11301513
-0.00077743485
0.11979603 -0.10623422
-1

2
13 0 4 5 1
13 5 4 5 -1
0.12052613
-0.038050104
-0.11329456 0.12775768
1

2
10 3 1 1 1
11 3 1 1 -1
0.12694517
0.00031675384
-0.11932845 0.13456187
1

2
16 2 4 18 1
16 8 4 6 -2
0.112461
0.031509709
0.11920866 -0.10571334
-1

2
5 2 5 1 1
10 2 5 1 -1
0.1339138
0.010237362
0.14194863 -0.12587897
-1

3
0 0 4 20 1
2 0 2 10 -2
0 10 2 10 -2
0.1290758
-0.036750212
0.13682033 -0.12133124
-1

2
7 5 13 1 1
7 6 13 1 -1
0.12354163
-0.0022381775
0.13095412 -0.11612913
-1

2
14 3 1 1 1
14 4 1 1 -1
0.11921028
-0.00077502331
0.12636289 -0.11205766
-1

3
14 0 4 8 1
16 0 2 4 -2
14 4 2 4 -2
0.12138986
-0.00061981962
-0.11410647 0.12867324
1

2
7 18 5 1 1
7 19 5 1 -1
0.10369483
0.0020523893
-0.097473145 0.10991652
1

2
6 7 1 4 1
6 11 1 4 -1
0.11411475
0.0092179049
0.12096164 -0.10726787
-1

2
2 6 8 6 1
2 8 8 2 -2
0.13866599
0.022552481
0.14698593 -0.13034603
-1

2
6 10 9 4 1
6 14 9 4 -1
0.13736878
-0.02470124
-0.12912665 0.1456109
1

2
0 13 13 1 1
0 14 13 1 -1
0.12660094
-0.0011128566
0.13419698 -0.11900488
-1

3
0 2 4 10 1
2 2 2 5 -2
0 7 2 5 -2
0.11282871
0.0074235057
-0.10605898 0.11959843
1

2
2 8 1 1 1
2 9 1 1 -1
0.11164187
0.0010751591
0.11834037 -0.10494336
-1

2
3 1 3 1 1
3 2 3 1 -1
0.13852599
-0.0023721943
0.14683755 -0.13021444
-1

2
4 7 5 3 1
4 10 5 3 -1
0.11517523
-0.0009570031
-0.10826471 0.12208574
1

2
9 8 1 1 1
10 8 1 1 -1
0.12586823
-0.0011402105
0.13342032 -0.11831614
-1

2
9 0 2 2 1
9 2 2 2 -1
0.11051767
-0.0007430269
-0.1038866 0.11714872
1

2
9 4 1 1 1
10 4 1 1 -1
0.12729956
0.0010178406
-0.11966158 0.13493752
1

3
4 1 2 12 1
5 1 1 6 -2
4 7 1 6 -2
0.10731164
-0.0010965515
-0.10087294 0.11375033
1

2
10 9 1 1 1
11 9 1 1 -1
0.11142556
0.00027214942
-0.10474002 0.11811108
1

2
7 6 3 1 1
7 7 3 1 -1
0.10975999
-0.0023418746
-0.1031744 0.11634558
1

2
0 4 9 16 1
9 4 9 16 -1
0.12984371
-0.24330147
0.13763432 -0.12205309
-1

2
9 15 1 2 1
10 15 1 2 -1
0.11646952
-0.0029415747
-0.10948135 0.12345769
1

3
3 8 6 12 1
6 8 3 6 -2
3 14 3 6 -2
0.15209571
-0.02868546
0.16122144 -0.14296997
-1

2
8 15 1 2 1
9 15 1 2 -1
0.12400367
-0.0020775432
-0.11656345 0.13144389
1

3
4 2 4 2 1
6 2 2 1 -2
4 3 2 1 -2
0.12915112
0.0022940955
-0.12140206 0.13690019
1

2
0 6 4 1 1
0 7 4 1 -1
0.10505142
-5.2701762e-005
0.1113545 -0.098748334
-1

3
3 1 6 2 1
6 1 3 1 -2
3 2 3 1 -2
0.10149305
0.0018514463
-0.09540347 0.10758263
1

2
11 0 1 1 1
12 0 1 1 -1
0.12519071
0.0014526446
0.13270214 -0.11767926
-1

3
18 3 2 6 1
19 3 1 3 -2
18 6 1 3 -2
0.12461541
0.0042244475
-0.11713848 0.13209233
1

2
15 4 2 6 1
15 6 2 2 -2
0.1231759
0.02686606
0.13056645 -0.11578535
-1

2
18 5 1 10 1
19 5 1 10 -1
0.10965652
0.0050625801
-0.10307713 0.1162359
1

2
6 3 5 4 1
11 3 5 4 -1
0.11317828
0.020705529
0.11996897 -0.10638758
-1

2
11 0 2 1 1
13 0 2 1 -1
0.11434973
0.00090989249
-0.10748874 0.12121071
1

2
3 13 3 1 1
3 14 3 1 -1
0.10134731
0.00048142902
-0.095266476 0.10742815
1

2
5 10 9 3 1
5 13 9 3 -1
0.10758454
0.020786924
0.1140396 -0.10112946
-1

2
6 4 9 2 1
9 4 3 2 -2
0.1273673
0.00090354419
0.13500933 -0.11972526
-1

2
9 0 1 1 1
10 0 1 1 -1
0.1247012
-0.0011386668
-0.11721913 0.13218327
1

2
7 1 2 5 1
9 1 2 5 -1
0.12764794
0.0085903704
-0.11998906 0.13530681
1

2
9 0 1 1 1
10 0 1 1 -1
0.10628098
0.00087036297
0.11265784 -0.09990412
-1

3
5 12 6 2 1
8 12 3 1 -2
5 13 3 1 -2
0.13045588
-0.0025408941
0.13828322 -0.12262852
-1

3
4 12 8 2 1
8 12 4 1 -2
4 13 4 1 -2
0.11852752
0.0022608817
-0.11141587 0.12563917
1

2
7 15 1 4 1
8 15 1 4 -1
0.12625326
-0.0038633728
-0.11867806 0.13382845
1

2
0 0 10 20 1
10 0 10 20 -1
0.13359331
-0.51798713
0.14160889 -0.1255777
-1

2
16 12 1 1 1
16 13 1 1 -1
0.12187547
0.0016352379
0.129188 -0.11456294
-1

2
6 19 7 1 1
13 19 7 1 -1
0.11975708
0.014492865
-0.11257166 0.1269425
1

2
7 4 3 1 1
7 5 3 1 -1
0.11173578
0.0003089059
0.11843993 -0.10503164
-1

2
18 4 1 2 1
19 4 1 2 -1
0.11500411
-0.00082414446
0.12190436 -0.10810387
-1

2
14 12 3 1 1
14 13 3 1 -1
0.10865357
4.3404936e-005
-0.10213435 0.11517277
1

3
14 15 2 2 1
15 15 1 1 -2
14 16 1 1 -2
0.10270921
-0.00031097996
0.10887176 -0.096546657
-1

2
2 1 1 3 1
2 4 1 3 -1
0.10192089
0.00026761193
0.10803614 -0.095805638
-1

2
10 6 8 6 1
10 8 8 2 -2
0.10964465
0.026752567
0.11622333 -0.10306598
-1

2
12 0 1 1 1
13 0 1 1 -1
0.13766809
0.0016694438
0.14592816 -0.129408
-1

3
12 14 6 6 1
15 14 3 3 -2
12 17 3 3 -2
0.12295091
0.017642595
-0.11557385 0.13032795
1

3
8 17 4 2 1
10 17 2 1 -2
8 18 2 1 -2
0.11565509
-0.0018195341
-0.10871579 0.12259439
1

3
14 3 2 2 1
15 3 1 1 -2
14 4 1 1 -2
0.11917816
0.00049673679
-0.11202747 0.12632884
1

2
2 0 17 6 1
2 6 17 6 -1
0.094928876
-0.094052523
-0.089233145 0.10062461
1

2
4 1 12 1 1
8 1 4 1 -2
0.10046387
0.008938116
0.1064917 -0.094436042
-1

2
2 4 18 6 1
2 6 18 2 -2
0.12730801
0.14131898
-0.11966953 0.13494648
1

3
11 1 4 2 1
13 1 2 1 -2
11 2 2 1 -2
0.10060003
-0.0016652307
0.10663603 -0.094564028
-1

2
9 14 8 2 1
9 16 8 2 -1
0.1205318
0.017336678
0.1277637 -0.11329989
-1

2
15 2 3 18 1
15 8 3 6 -2
0.12689166
0.026415743
0.13450515 -0.11927816
-1

2
9 3 5 2 1
9 5 5 2 -1
0.11071966
-0.0094260108
0.11736283 -0.10407648
-1

3
2 10 16 6 1
10 10 8 3 -2
2 13 8 3 -2
0.1013589
-0.01797495
-0.095277362 0.10744043
1

3
8 12 4 2 1
10 12 2 1 -2
8 13 2 1 -2
0.11684718
-0.00065144594
0.123858 -0.10983635
-1

3
17 3 2 2 1
18 3 1 1 -2
17 4 1 1 -2
0.10092976
0.00017457281
-0.094873972 0.10698554
1

2
7 0 1 5 1
8 0 1 5 -1
0.096107177
-5.321471e-005
0.1018736 -0.090340748
-1

3
5 2 4 10 1
7 2 2 5 -2
5 7 2 5 -2
0.10494179
0.0047980789
-0.098645285 0.11123829
1

2
5 6 2 1 1
5 7 2 1 -1
0.10830466
-3.3472788e-005
0.11480294 -0.10180639
-1

2
3 7 3 1 1
6 7 3 1 -1
0.10089955
-0.00020227492
-0.094845578 0.10695352
1

3
6 11 12 2 1
12 11 6 1 -2
6 12 6 1 -2
0.099087678
-0.0021222839
0.10503294 -0.09314242
-1

2
4 0 3 15 1
7 0 3 15 -1
0.10886935
0.037056688
0.11540151 -0.10233719
-1

2
0 0 7 19 1
7 0 7 19 -1
0.12530781
0.22424665
-0.11778934 0.13282627
1

2
6 0 1 1 1
7 0 1 1 -1
0.11784713
-0.0019542959
-0.11077631 0.12491795
1

2
0 0 4 6 1
4 0 4 6 -1
0.14091156
-0.03612984
0.14936624 -0.13245687
-1

3
3 0 2 12 1
4 0 1 6 -2
3 6 1 6 -2
0.10713434
-0.0029601115
-0.10070628 0.1135624
1

2
0 1 2 4 1
2 1 2 4 -1
0.12439311
0.013992293
-0.11692952 0.13185669
1

2
11 15 1 4 1
12 15 1 4 -1
0.11653487
0.0040803463
0.12352696 -0.10954278
-1

3
16 10 4 10 1
18 10 2 5 -2
16 15 2 5 -2
0.12554872
0.021107649
-0.1180158 0.13308163
1

2
19 15 1 1 1
19 16 1 1 -1
0.11110106
-0.00052455935
-0.104435 0.11776712
1

3
9 11 6 2 1
12 11 3 1 -2
9 12 3 1 -2
0.12211037
0.0024674109
-0.11478375 0.12943698
1

2
10 17 1 1 1
10 18 1 1 -1
0.099011019
0.00059199193
-0.093070358 0.10495167
1

3
8 12 2 8 1
9 12 1 4 -2
8 16 1 4 -2
0.10990015
0.0031004066
0.11649415 -0.10330614
-1

2
14 0 3 5 1
17 0 3 5 -1
0.1230781
-0.029071338
0.13046278 -0.11569341
-1

2
18 0 2 1 1
18 1 2 1 -1
0.11451732
0.0011139173
0.12138835 -0.10764629
-1

3
16 4 4 10 1
18 4 2 5 -2
16 9 2 5 -2
0.10718124
0.011146402
-0.10075037 0.11361212
1

3
14 0 2 8 1
15 0 1 4 -2
14 4 1 4 -2
0.10183595
0.0061964928
0.10794611 -0.095725797
-1

3
10 14 10 6 1
15 14 5 3 -2
10 17 5 3 -2
0.12509474
-0.014288801
0.13260041 -0.11758906
-1

