247
1896
27191
1
676
648
2
13 1 3 1 1
13 2 3 1 -1
0.46099088
-0.0039603845
0.48404041 -0.43794131
-1

3
1 7 14 6 1
8 7 7 3 -2
1 10 7 3 -2
0.27053514
-0.023072027
-0.25700837 0.28406188
1

3
5 3 2 2 1
6 3 1 1 -2
5 4 1 1 -2
0.25410163
0.0015464828
-0.24139655 0.26680669
1

2
0 4 8 1 1
0 5 8 1 -1
0.19657579
-0.0068794726
0.20640457 -0.186747
-1

2
7 8 2 3 1
7 11 2 3 -1
0.20407301
0.0095029594
0.21427666 -0.19386935
-1

2
16 3 1 1 1
16 4 1 1 -1
0.17787406
3.7471313e-005
-0.16898036 0.18676776
1

2
5 0 11 1 1
5 1 11 1 -1
0.17556444
0.019089501
-0.16678621 0.18434265
1

3
12 2 8 6 1
16 2 4 3 -2
12 5 4 3 -2
0.16227414
0.0081126094
0.17038783 -0.15416043
-1

2
17 0 1 7 1
18 0 1 7 -1
0.15959442
0.012588346
-0.1516147 0.16757412
1

2
11 7 1 1 1
11 8 1 1 -1
0.16681409
0.00097049086
0.17515479 -0.15847339
-1

3
1 12 14 8 1
8 12 7 4 -2
1 16 7 4 -2
0.14247757
0.0055104233
-0.13535368 0.14960144
1

2
6 11 7 1 1
6 12 7 1 -1
0.13313648
0.010147474
-0.12647966 0.13979329
1

3
3 9 12 6 1
9 9 6 3 -2
3 12 6 3 -2
0.17177856
-0.024567084
-0.16318963 0.18036748
1

2
14 2 1 3 1
14 3 1 1 -2
0.14454031
0.0032375564
0.15176731 -0.13731329
-1

3
0 0 2 16 1
1 0 1 8 -2
0 8 1 8 -2
0.12964085
-0.011419053
0.13612288 -0.12315881
-1

2
15 9 2 3 1
15 12 2 3 -1
0.15552914
-0.00075246627
-0.14775269 0.1633056
1

3
12 2 2 2 1
13 2 1 1 -2
12 3 1 1 -2
0.12604123
0.0010139343
-0.11973917 0.13234329
1

2
13 0 3 2 1
13 2 3 2 -1
0.13931343
0.00038185582
-0.13234776 0.1462791
1

2
6 16 3 3 1
9 16 3 3 -1
0.11552917
-0.00076158164
0.12130562 -0.10975271
-1

2
0 13 8 7 1
8 13 8 7 -1
0.11688431
0.089843601
-0.11104009 0.12272853
1

3
4 4 10 16 1
9 4 5 8 -2
4 12 5 8 -2
0.12990513
0.040102873
0.13640039 -0.12340987
-1

2
11 11 1 1 1
11 12 1 1 -1
0.13812047
-0.00087540032
0.14502649 -0.13121444
-1

2
15 9 2 3 1
15 12 2 3 -1
0.12862381
0.0089207627
0.13505499 -0.12219262
-1

2
18 0 1 6 1
19 0 1 6 -1
0.12166224
0.0092796609
-0.11557912 0.12774535
1

2
0 1 3 1 1
0 2 3 1 -1
0.13486843
-0.0022731062
-0.12812501 0.14161184
1

3
5 3 2 2 1
6 3 1 1 -2
5 4 1 1 -2
0.12067716
-0.00068365672
0.12671101 -0.1146433
-1

2
4 0 2 10 1
6 0 2 10 -1
0.12364233
0.011176505
0.12982443 -0.11746021
-1

3
4 4 2 2 1
5 4 1 1 -2
4 5 1 1 -2
0.12913156
0.00091073097
-0.12267498 0.13558812
1

2
1 15 2 1 1
1 16 2 1 -1
0.11860323
-0.00053616753
-0.11267307 0.12453339
1

2
2 2 2 1 1
2 3 2 1 -1
0.1187397
-9.985482e-005
0.12467668 -0.11280271
-1

2
0 0 1 20 1
1 0 1 20 -1
0.11687681
0.019894719
-0.11103297 0.12272064
1

2
6 0 2 1 1
8 0 2 1 -1
0.13878509
-0.0031991196
-0.13184583 0.14572434
1

2
9 3 1 6 1
10 3 1 6 -1
0.12677127
-0.010797556
0.13310982 -0.1204327
-1

2
17 10 1 1 1
17 11 1 1 -1
0.14267118
-0.00023505285
-0.13553762 0.14980474
1

2
12 11 1 1 1
12 12 1 1 -1
0.11124317
0.002285559
-0.10568102 0.11680533
1

3
12 6 6 6 1
15 6 3 3 -2
12 9 3 3 -2
0.13940585
-0.0085012102
-0.13243555 0.14637613
1

3
14 3 2 2 1
15 3 1 1 -2
14 4 1 1 -2
0.11425
0.00072037324
-0.1085375 0.11996249
1

2
15 8 4 1 1
15 9 4 1 -1
0.11691087
-0.00060990796
-0.11106533 0.12275641
1

2
18 3 1 5 1
19 3 1 5 -1
0.12841168
-0.0021369748
0.13483226 -0.1219911
-1

2
10 6 3 1 1
10 7 3 1 -1
0.11901517
0.0016628739
0.12496593 -0.11306442
-1

3
10 0 6 2 1
13 0 3 1 -2
10 1 3 1 -2
0.11870511
0.0055835391
-0.11276985 0.12464036
1

3
2 6 6 8 1
5 6 3 4 -2
2 10 3 4 -2
0.12985332
-0.016227255
-0.12336066 0.13634598
1

2
10 4 1 6 1
11 4 1 6 -1
0.1142536
0.010017432
-0.10854091 0.11996627
1

2
8 6 2 1 1
8 7 2 1 -1
0.12762336
-0.0015645277
-0.1212422 0.13400453
1

2
5 12 10 1 1
5 13 10 1 -1
0.10752454
-0.0097537823
0.11290076 -0.10214832
-1

2
0 12 4 1 1
0 13 4 1 -1
0.12558484
0.0029753996
0.13186407 -0.1193056
-1

3
2 1 4 2 1
4 1 2 1 -2
2 2 2 1 -2
0.11349721
0.001599166
-0.10782234 0.11917206
1

2
4 0 2 2 1
4 2 2 2 -1
0.10980388
0.00025721249
-0.10431368 0.11529407
1

2
4 1 9 1 1
4 2 9 1 -1
0.10779694
0.0034952583
0.11318678 -0.10240709
-1

2
17 14 1 1 1
17 15 1 1 -1
0.10487477
3.5291774e-005
-0.099631026 0.1101185
1

2
2 12 2 1 1
2 13 2 1 -1
0.090930127
3.1206444e-005
-0.086383618 0.095476627
1

2
14 3 3 10 1
17 3 3 10 -1
0.10799018
-0.063529417
0.11338969 -0.10259067
-1

2
5 3 5 2 1
10 3 5 2 -1
0.1292678
0.017906697
0.13573118 -0.1228044
-1

2
2 1 5 1 1
2 2 5 1 -1
0.11059287
0.011713122
-0.10506323 0.11612251
1

2
9 0 2 1 1
11 0 2 1 -1
0.12887035
-0.0015560596
-0.12242683 0.13531387
1

2
5 2 2 1 1
5 3 2 1 -1
0.10648262
-0.0011081124
0.11180674 -0.10115848
-1

2
9 2 4 2 1
13 2 4 2 -1
0.11378094
0.019126745
0.11946998 -0.10809189
-1

3
5 2 4 2 1
7 2 2 1 -2
5 3 2 1 -2
0.11387583
0.003545912
-0.10818204 0.11956961
1

2
2 10 18 1 1
8 10 6 1 -2
0.11640219
0.054461136
0.12222229 -0.11058208
-1

3
14 4 2 2 1
15 4 1 1 -2
14 5 1 1 -2
0.10882376
0.00086747931
-0.10338257 0.11426494
1

2
16 1 4 7 1
16 8 4 7 -1
0.11588216
-0.00013606013
0.12167626 -0.11008805
-1

3
10 0 10 4 1
15 0 5 2 -2
10 2 5 2 -2
0.099305384
0.0087134102
-0.094340116 0.10427065
1

2
5 18 8 1 1
5 19 8 1 -1
0.10172878
-0.0020207202
0.10681522 -0.096642345
-1

3
9 9 6 6 1
12 9 3 3 -2
9 12 3 3 -2
0.10548621
0.010916187
0.11076052 -0.1002119
-1

3
3 9 10 2 1
8 9 5 1 -2
3 10 5 1 -2
0.11252435
-0.0057283593
0.11815056 -0.10689814
-1

3
0 7 20 2 1
10 7 10 1 -2
0 8 10 1 -2
0.10763159
0.0047318698
0.11301316 -0.10225
-1

3
17 1 2 18 1
18 1 1 9 -2
17 10 1 9 -2
0.10344913
-0.0095512941
0.10862158 -0.098276667
-1

2
3 0 13 5 1
3 5 13 5 -1
0.11102708
-0.10038906
-0.10547572 0.11657842
1

2
8 0 6 15 1
14 0 6 15 -1
0.10008173
0.077587634
-0.095077649 0.10508582
1

2
14 2 2 4 1
16 2 2 4 -1
0.10499958
-0.00043714515
0.11024956 -0.099749602
-1

2
15 6 2 5 1
15 11 2 5 -1
0.099811353
0.0039454377
-0.094820783 0.10480192
1

2
2 8 8 10 1
10 8 8 10 -1
0.10604788
-0.27578378
0.11135027 -0.10074548
-1

3
6 4 10 16 1
11 4 5 8 -2
6 12 5 8 -2
0.12242337
-0.047360048
-0.1163022 0.12854454
1

3
13 2 2 2 1
14 2 1 1 -2
13 3 1 1 -2
0.10195351
-0.00073288358
0.10705118 -0.096855827
-1

2
14 13 2 1 1
14 14 2 1 -1
0.10214927
2.7178094e-005
-0.097041808 0.10725673
1

2
9 7 2 1 1
9 8 2 1 -1
0.095391616
0.0013567326
0.10016119 -0.090622038
-1

2
13 4 1 1 1
14 4 1 1 -1
0.10344889
-0.0012260728
0.10862133 -0.098276444
-1

2
0 12 1 1 1
0 13 1 1 -1
0.11033013
-0.00042243392
-0.10481362 0.11584663
1

2
0 13 18 1 1
0 14 18 1 -1
0.096250966
-0.0033070846
0.10106351 -0.09143842
-1

2
11 14 1 2 1
11 16 1 2 -1
0.098243922
-4.6706198e-005
0.10315611 -0.093331724
-1

2
3 14 2 1 1
3 15 2 1 -1
0.093870223
3.6076912e-005
-0.089176707 0.098563731
1

3
7 8 2 2 1
8 8 1 1 -2
7 9 1 1 -2
0.089438736
0.0013837419
-0.084966801 0.093910672
1

2
14 14 5 1 1
14 15 5 1 -1
0.11401061
0.0038157732
0.11971114 -0.10831008
-1

2
3 4 6 1 1
5 4 2 1 -2
0.0993995
0.0015468926
0.10436947 -0.094429523
-1

3
2 6 18 4 1
11 6 9 2 -2
2 8 9 2 -2
0.11023035
-0.012419622
-0.10471883 0.11574186
1

3
12 3 2 2 1
13 3 1 1 -2
12 4 1 1 -2
0.096745051
0.0012257001
-0.091907799 0.1015823
1

2
6 2 7 3 1
6 5 7 3 -1
0.10976593
-0.012077047
0.11525422 -0.10427763
-1

3
7 5 6 4 1
10 5 3 2 -2
7 7 3 2 -2
0.08988861
0.0042254133
0.094383039 -0.085394181
-1

2
9 4 1 1 1
10 4 1 1 -1
0.11015701
0.0027033354
-0.10464916 0.11566485
1

3
10 11 4 8 1
12 11 2 4 -2
10 15 2 4 -2
0.10619684
0.0067355894
0.11150667 -0.10088699
-1

3
12 9 2 2 1
13 9 1 1 -2
12 10 1 1 -2
0.099521436
-0.00098073075
0.1044975 -0.094545364
-1

2
0 0 3 1 1
0 1 3 1 -1
0.09826459
0.0012848469
0.10317782 -0.093351357
-1

2
7 14 8 1 1
7 15 8 1 -1
0.092967622
0.0068617784
-0.088319242 0.097616002
1

3
7 5 12 8 1
13 5 6 4 -2
7 9 6 4 -2
0.10887971
0.03402362
0.11432369 -0.10343572
-1

2
18 2 1 5 1
19 2 1 5 -1
0.09682668
-4.0913597e-005
0.10166801 -0.091985345
-1

2
10 6 9 3 1
10 7 9 1 -2
0.096854821
0.050102454
-0.092012078 0.10169756
1

2
19 2 1 3 1
19 3 1 1 -2
0.10950638
0.002357966
0.1149817 -0.10403106
-1

3
0 2 10 12 1
5 2 5 6 -2
0 8 5 6 -2
0.090429313
0.0076790745
0.094950773 -0.085907847
-1

2
14 7 3 6 1
17 7 3 6 -1
0.10596793
-0.02973807
0.11126632 -0.10066953
-1

2
9 0 2 1 1
11 0 2 1 -1
0.11306657
0.0028190196
0.11871989 -0.10741324
-1

3
0 0 2 20 1
1 0 1 10 -2
0 10 1 10 -2
0.10693567
0.019815976
-0.10158888 0.11228244
1

2
16 9 1 1 1
16 10 1 1 -1
0.11898477
0.0012603995
0.12493401 -0.11303554
-1

2
2 4 1 1 1
3 4 1 1 -1
0.1030764
0.0018786192
-0.097922578 0.10823021
1

3
4 1 4 6 1
6 1 2 3 -2
4 4 2 3 -2
0.10439872
0.0068085175
0.10961865 -0.099178784
-1

2
2 7 1 1 1
2 8 1 1 -1
0.093183115
4.2723907e-005
-0.088523962 0.097842269
1

3
5 4 2 2 1
6 4 1 1 -2
5 5 1 1 -2
0.08962591
0.00063874765
-0.085144617 0.094107203
1

3
5 0 2 8 1
6 0 1 4 -2
5 4 1 4 -2
0.10043228
-0.0022737519
-0.095410667 0.10545389
1

3
16 2 2 2 1
17 2 1 1 -2
16 3 1 1 -2
0.089321695
-0.00065783295
0.093787774 -0.084855609
-1

2
16 14 4 1 1
16 15 4 1 -1
0.10201743
-0.00077181053
-0.096916549 0.10711829
1

3
0 3 6 2 1
3 3 3 1 -2
0 4 3 1 -2
0.086277559
0.0020091059
-0.081963681 0.090591431
1

2
1 11 1 3 1
2 11 1 3 -1
0.092891745
0.00030312384
0.097536325 -0.088247158
-1

2
6 2 1 2 1
6 4 1 2 -1
0.086835757
3.2137934e-005
-0.082493968 0.091177538
1

2
7 16 1 1 1
7 17 1 1 -1
0.083968632
0.00019808121
-0.0797702 0.088167056
1

2
3 1 3 3 1
3 2 3 1 -2
0.086032532
0.0069704
0.090334155 -0.081730902
-1

2
1 8 19 6 1
1 10 19 2 -2
0.10915295
0.13120264
-0.1036953 0.11461059
1

2
12 4 3 3 1
13 4 1 3 -2
0.10301805
0.0036291759
0.10816894 -0.097867139
-1

2
1 8 2 1 1
1 9 2 1 -1
0.10901685
0.0017601737
0.11446769 -0.10356601
-1

2
0 12 3 2 1
3 12 3 2 -1
0.097639687
0.010620642
-0.092757702 0.10252167
1

2
1 8 2 1 1
1 9 2 1 -1
0.10811759
-0.00083759311
-0.10271171 0.11352346
1

3
12 10 2 2 1
13 10 1 1 -2
12 11 1 1 -2
0.099338517
-0.0011865631
0.10430544 -0.094371587
-1

2
3 3 6 2 1
9 3 6 2 -1
0.10105366
-0.024152961
-0.096000969 0.10610633
1

2
0 0 6 5 1
6 0 6 5 -1
0.09398739
-0.090791605
0.098686755 -0.089288019
-1

2
15 13 4 1 1
15 14 4 1 -1
0.10020326
0.0030238854
0.10521342 -0.095193096
-1

2
10 3 1 1 1
11 3 1 1 -1
0.094271898
-0.0012236835
0.098985486 -0.089558303
-1

2
16 13 1 1 1
16 14 1 1 -1
0.10158384
4.0467592e-005
-0.096504644 0.10666303
1

2
12 14 8 2 1
12 16 8 2 -1
0.091309391
0.0075570578
0.095874853 -0.086743921
-1

2
9 8 1 1 1
10 8 1 1 -1
0.090013929
-0.0003680283
0.094514623 -0.085513234
-1

2
10 4 4 2 1
14 4 4 2 -1
0.087843098
-0.00014802627
-0.083450943 0.092235245
1

3
11 10 2 2 1
12 10 1 1 -2
11 11 1 1 -2
0.090337329
-0.00017398072
0.094854191 -0.085820459
-1

2
16 6 3 1 1
16 7 3 1 -1
0.092596598
-0.00072290155
-0.08796677 0.097226426
1

3
6 14 10 4 1
11 14 5 2 -2
6 16 5 2 -2
0.088151112
-0.0027468437
0.092558667 -0.083743557
-1

2
11 0 9 2 1
11 2 9 2 -1
0.086518213
0.0029877804
-0.082192302 0.090844117
1

2
12 1 5 1 1
12 2 5 1 -1
0.10710384
-0.00056626991
0.11245903 -0.10174865
-1

2
6 6 8 1 1
6 7 8 1 -1
0.088687956
-5.08302e-005
0.093122348 -0.084253557
-1

2
15 1 2 1 1
15 2 2 1 -1
0.094132431
0.0030875087
-0.08942581 0.098839045
1

3
4 10 12 6 1
10 10 6 3 -2
4 13 6 3 -2
0.10542901
-0.016016534
-0.10015756 0.11070045
1

3
7 12 8 2 1
11 12 4 1 -2
7 13 4 1 -2
0.10129032
-0.0064671468
0.10635483 -0.096225806
-1

2
3 12 2 1 1
3 13 2 1 -1
0.11408263
0.0020339873
0.11978676 -0.1083785
-1

3
5 11 8 2 1
9 11 4 1 -2
5 12 4 1 -2
0.092653848
-0.0054841577
0.097286537 -0.088021152
-1

2
17 6 3 1 1
17 7 3 1 -1
0.10103656
0.001188886
0.10608838 -0.095984735
-1

3
6 10 6 2 1
9 10 3 1 -2
6 11 3 1 -2
0.096456736
-0.0037055842
0.10127957 -0.091633901
-1

2
4 14 15 2 1
9 14 5 2 -2
0.095256843
0.030697679
-0.090493999 0.10001968
1

2
0 3 3 3 1
1 3 1 3 -2
0.095822483
0.0056842635
0.1006136 -0.091031358
-1

3
10 6 8 8 1
14 6 4 4 -2
10 10 4 4 -2
0.094990395
0.015544424
0.099739909 -0.090240873
-1

3
12 3 2 2 1
13 3 1 1 -2
12 4 1 1 -2
0.086850941
-0.00097282027
0.091193482 -0.082508393
-1

2
6 16 1 4 1
7 16 1 4 -1
0.096334048
-0.0020194731
-0.091517344 0.10115074
1

3
5 11 8 2 1
9 11 4 1 -2
5 12 4 1 -2
0.085037574
0.0039129863
-0.080785692 0.089289449
1

2
13 0 1 1 1
14 0 1 1 -1
0.093853772
0.0011773917
0.098546453 -0.089161083
-1

2
14 0 2 1 1
14 1 2 1 -1
0.094526596
-4.6908612e-005
0.099252924 -0.089800268
-1

3
16 2 4 14 1
18 2 2 7 -2
16 9 2 7 -2
0.086054608
-0.00076638925
0.090357333 -0.081751876
-1

2
14 4 5 3 1
14 7 5 3 -1
0.08363045
-0.0074865264
-0.079448923 0.087811969
1

2
4 11 1 2 1
4 13 1 2 -1
0.089499742
3.0882969e-005
-0.085024752 0.093974724
1

2
13 0 5 1 1
13 1 5 1 -1
0.082787603
0.0097887898
-0.078648224 0.086926982
1

2
15 9 3 1 1
15 10 3 1 -1
0.10183965
-0.0011294527
-0.096747667 0.10693163
1

2
0 0 1 3 1
1 0 1 3 -1
0.094195776
0.0067745703
-0.089485988 0.098905563
1

2
9 0 1 3 1
10 0 1 3 -1
0.10876037
-0.0030162942
-0.10332235 0.11419839
1

3
18 2 2 18 1
19 2 1 9 -2
18 11 1 9 -2
0.094275355
0.028370528
-0.089561589 0.098989122
1

2
18 9 1 1 1
18 10 1 1 -1
0.10696175
0.0010361396
0.11230983 -0.10161366
-1

2
9 4 1 1 1
10 4 1 1 -1
0.089441128
-0.0020768705
0.093913183 -0.084969074
-1

2
8 5 2 1 1
8 6 2 1 -1
0.090386778
-0.0014445549
-0.085867435 0.094906114
1

3
7 4 2 4 1
8 4 1 2 -2
7 6 1 2 -2
0.082524486
0.00076590991
-0.078398257 0.086650707
1

3
2 0 4 6 1
4 0 2 3 -2
2 3 2 3 -2
0.095175698
-0.00010070753
0.099934481 -0.090416916
-1

3
0 3 2 16 1
1 3 1 8 -2
0 11 1 8 -2
0.081724159
3.7200331e-005
-0.077637948 0.085810363
1

2
0 3 1 2 1
1 3 1 2 -1
0.080602199
-0.0022830286
0.084632307 -0.07657209
-1

2
16 11 2 1 1
16 12 2 1 -1
0.10188554
-0.00041849673
-0.096791267 0.10697982
1

2
15 13 1 5 1
16 13 1 5 -1
0.090014778
-0.00010432383
0.09451551 -0.085514039
-1

2
13 2 1 1 1
13 3 1 1 -1
0.083218165
-0.00094913243
0.087379068 -0.079057254
-1

3
8 15 2 4 1
9 15 1 2 -2
8 17 1 2 -2
0.10173788
-0.0015347871
-0.09665098 0.10682477
1

3
2 12 2 4 1
3 12 1 2 -2
2 14 1 2 -2
0.087976538
0.0040345201
-0.083577707 0.09237536
1

2
2 17 1 1 1
2 18 1 1 -1
0.10389408
0.00099870644
0.10908879 -0.098699376
-1

3
10 12 2 2 1
11 12 1 1 -2
10 13 1 1 -2
0.08830335
0.00087386044
-0.083888181 0.092718512
1

3
8 10 6 6 1
11 10 3 3 -2
8 13 3 3 -2
0.090510085
0.005893229
0.095035583 -0.08598458
-1

3
10 11 2 2 1
11 11 1 1 -2
10 12 1 1 -2
0.087014042
0.00038010112
-0.082663342 0.091364741
1

2
7 2 1 2 1
8 2 1 2 -1
0.083368026
-4.8191563e-005
0.087536424 -0.079199627
-1

3
7 12 8 2 1
11 12 4 1 -2
7 13 4 1 -2
0.08267571
0.0035979629
-0.078541927 0.086809494
1

2
0 17 2 1 1
0 18 2 1 -1
0.097339235
-0.00079256855
-0.09247227 0.10220619
1

2
8 0 6 1 1
14 0 6 1 -1
0.086578071
0.020768669
-0.082249165 0.09090697
1

2
17 9 1 1 1
17 10 1 1 -1
0.085861728
4.5845198e-005
-0.081568643 0.090154812
1

3
7 10 8 2 1
11 10 4 1 -2
7 11 4 1 -2
0.080452971
0.0010986824
-0.076430321 0.084475614
1

2
13 9 4 1 1
13 10 4 1 -1
0.085167691
0.0027480607
0.08942607 -0.080909304
-1

3
18 0 2 6 1
19 0 1 3 -2
18 3 1 3 -2
0.098808937
0.0037898598
-0.093868487 0.10374938
1

3
14 0 4 8 1
16 0 2 4 -2
14 4 2 4 -2
0.094407476
-0.0044693304
-0.089687102 0.099127844
1

3
15 4 2 2 1
16 4 1 1 -2
15 5 1 1 -2
0.085552655
-0.0008061952
0.089830287 -0.081275024
-1

2
5 1 10 5 1
5 6 10 5 -1
0.085333906
-0.015473552
0.0896006 -0.081067212
-1

2
10 3 6 2 1
12 3 2 2 -2
0.090445675
0.0029565184
0.094967954 -0.085923389
-1

2
0 0 3 1 1
0 1 3 1 -1
0.10242388
-0.0025124496
-0.097302683 0.10754506
1

2
3 14 3 2 1
6 14 3 2 -1
0.085976623
-0.0017260695
0.090275452 -0.081677794
-1

2
2 4 1 1 1
3 4 1 1 -1
0.086992905
0.00061446492
-0.082643256 0.091342546
1

2
0 4 2 3 1
0 7 2 3 -1
0.08307083
-0.00030794562
0.087224364 -0.078917287
-1

2
5 4 2 2 1
5 6 2 2 -1
0.088439256
-0.0011153403
-0.084017292 0.092861213
1

3
6 10 6 6 1
9 10 3 3 -2
6 13 3 3 -2
0.094535477
-0.010658321
-0.089808702 0.099262245
1

2
0 0 5 5 1
5 0 5 5 -1
0.086479805
0.028423335
-0.082155816 0.090803795
1

2
0 13 1 1 1
0 14 1 1 -1
0.093774572
0.00064041355
0.098463297 -0.08908584
-1

2
6 1 1 1 1
6 2 1 1 -1
0.086864471
-0.00040549849
0.091207691 -0.082521245
-1

3
6 0 8 4 1
10 0 4 2 -2
6 2 4 2 -2
0.086228557
-0.0060243919
-0.081917129 0.090539977
1

2
12 2 8 1 1
12 3 8 1 -1
0.083465286
0.0016668746
-0.079292022 0.08763855
1

2
5 2 1 1 1
5 3 1 1 -1
0.077674553
-0.0002639755
0.08155828 -0.073790826
-1

2
2 10 15 1 1
7 10 5 1 -2
0.085268013
0.039461944
0.089531407 -0.081004612
-1

2
0 0 7 9 1
0 3 7 3 -2
0.088226959
0.14066906
-0.083815612 0.092638306
1

2
7 11 2 7 1
9 11 2 7 -1
0.085282743
-0.0011365574
0.089546874 -0.081018604
-1

2
12 1 1 2 1
13 1 1 2 -1
0.083260253
9.407867e-005
-0.079097241 0.087423265
1

3
6 18 4 2 1
8 18 2 1 -2
6 19 2 1 -2
0.078842305
0.00024554619
-0.074900188 0.082784414
1

2
5 3 5 4 1
10 3 5 4 -1
0.081673443
-0.015190626
-0.077589773 0.085757114
1

2
0 4 6 8 1
2 4 2 8 -2
0.08574003
0.084421121
0.090027027 -0.081453025
-1

3
4 1 2 12 1
5 1 1 6 -2
4 7 1 6 -2
0.084743135
0.0003628078
-0.080505975 0.088980287
1

2
7 9 4 5 1
11 9 4 5 -1
0.083478197
-0.0018194723
0.087652102 -0.079304285
-1

3
4 4 12 12 1
10 4 6 6 -2
4 10 6 6 -2
0.087135129
0.012855413
0.091491878 -0.082778372
-1

3
7 0 8 10 1
11 0 4 5 -2
7 5 4 5 -2
0.10007939
-0.044658519
0.10508336 -0.095075421
-1

2
4 0 1 1 1
5 0 1 1 -1
0.098859854
0.00039838551
0.10380284 -0.093916863
-1

3
5 0 8 14 1
9 0 4 7 -2
5 7 4 7 -2
0.091670156
0.031049686
-0.087086648 0.096253656
1

2
4 4 4 8 1
8 4 4 8 -1
0.097082138
-0.032216024
-0.092228033 0.10193624
1

2
2 8 8 11 1
10 8 8 11 -1
0.081326507
-0.2844052
0.085392825 -0.077260181
-1

2
9 17 1 2 1
10 17 1 2 -1
0.10420781
-0.0018741167
-0.098997414 0.10941819
1

2
8 3 1 4 1
9 3 1 4 -1
0.087944038
-0.007457857
0.092341237 -0.083546832
-1

2
17 0 1 12 1
17 4 1 4 -2
0.09057086
0.0018992638
-0.086042315 0.095099397
1

2
6 3 6 3 1
8 3 2 3 -2
0.10410346
0.0025355106
0.10930863 -0.098898284
-1

2
8 3 5 8 1
8 11 5 8 -1
0.096513793
0.067597724
0.10133947 -0.091688104
-1

3
1 11 14 2 1
8 11 7 1 -2
1 12 7 1 -2
0.086221233
-0.0055901385
0.090532288 -0.081910171
-1

2
12 5 2 6 1
12 11 2 6 -1
0.090884954
-0.00020781644
-0.086340703 0.095429197
1

2
5 8 2 1 1
5 9 2 1 -1
0.082133941
0.00070275069
0.086240634 -0.078027241
-1

3
1 2 2 2 1
2 2 1 1 -2
1 3 1 1 -2
0.085990876
-0.00070607313
0.090290412 -0.081691332
-1

2
6 7 2 3 1
6 10 2 3 -1
0.081032969
-0.00027668069
-0.076981321 0.085084617
1

2
0 10 18 1 1
0 11 18 1 -1
0.088594951
-0.0040042037
0.093024693 -0.084165201
-1

3
3 7 2 2 1
4 7 1 1 -2
3 8 1 1 -2
0.086016074
0.00079132913
0.090316877 -0.081715271
-1

2
6 11 8 1 1
6 12 8 1 -1
0.090141468
-0.0081218341
0.09464854 -0.085634395
-1

2
11 14 1 5 1
12 14 1 5 -1
0.094559647
0.0037980147
0.099287622 -0.089831665
-1

2
18 1 1 19 1
19 1 1 19 -1
0.090329915
-0.019560318
0.094846405 -0.085813418
-1

2
10 4 2 15 1
12 4 2 15 -1
0.099720933
-0.016060486
-0.094734885 0.10470697
1

2
16 11 2 1 1
18 11 2 1 -1
0.091774993
0.0019251348
-0.08718624 0.096363738
1

2
11 7 4 1 1
15 7 4 1 -1
0.074932791
0.00027908236
0.078679428 -0.071186148
-1

2
18 7 1 2 1
18 9 1 2 -1
0.083198883
0.001905462
0.087358825 -0.07903894
-1

2
8 13 6 1 1
8 14 6 1 -1
0.096230365
-0.0083081238
0.10104188 -0.091418847
-1

2
14 17 6 1 1
14 18 6 1 -1
0.095349602
0.004942195
0.10011708 -0.090582117
-1

3
16 8 4 12 1
18 8 2 6 -2
16 14 2 6 -2
0.092067853
-0.0085252384
0.096671239 -0.087464459
-1

2
7 8 13 6 1
7 14 13 6 -1
0.085804351
0.020447602
-0.081514135 0.090094566
1

2
18 6 1 7 1
18 13 1 7 -1
0.082910933
0.0011280205
0.087056473 -0.078765385
-1

3
4 16 14 4 1
11 16 7 2 -2
4 18 7 2 -2
0.085349783
-0.0032745926
0.089617267 -0.081082292
-1

2
17 8 1 1 1
17 9 1 1 -1
0.086656965
3.9532493e-005
-0.082324117 0.090989806
1

2
3 0 1 1 1
4 0 1 1 -1
0.079065897
-3.2304444e-005
0.08301919 -0.075112604
-1

2
0 5 4 4 1
4 5 4 4 -1
0.081433788
-0.00025695638
-0.077362098 0.085505471
1

2
1 8 2 1 1
3 8 2 1 -1
0.081853114
-0.0011489183
0.085945763 -0.077760458
-1

3
14 8 2 2 1
15 8 1 1 -2
14 9 1 1 -2
0.078184679
3.7939652e-005
-0.074275441 0.082093909
1

2
1 1 1 2 1
1 3 1 2 -1
0.075228751
-0.0011655923
-0.07146731 0.078990184
1

2
8 17 1 1 1
8 18 1 1 -1
0.086605638
0.0010717761
-0.082275353 0.090935916
1

2
1 4 2 1 1
3 4 2 1 -1
0.079141513
3.8641989e-005
-0.075184435 0.083098583
1

3
6 15 8 4 1
10 15 4 2 -2
6 17 4 2 -2
0.073881179
-0.006582662
-0.070187122 0.077575237
1

3
6 3 2 2 1
7 3 1 1 -2
6 4 1 1 -2
0.095504142
-0.0022600046
0.10027935 -0.090728931
-1

