250
1016
278
8.14028
84
356
3
8 1 8 12 1
12 1 4 6 -2
8 7 4 6 -2
0.43115655
0.06568753
-0.40959871 0.45271435
1

2
16 0 2 4 1
18 0 2 4 -1
0.26221788
0.011566813
-0.24910699 0.27532876
1

3
5 0 8 14 1
9 0 4 7 -2
5 7 4 7 -2
0.22350106
-0.027167967
0.23467609 -0.21232601
-1

2
1 6 7 9 1
1 9 7 3 -2
0.1956664
0.10654595
-0.18588307 0.20544972
1

2
10 0 6 1 1
10 1 6 1 -1
0.17170724
0.0053971708
-0.16312188 0.18029259
1

3
2 8 16 6 1
10 8 8 3 -2
2 11 8 3 -2
0.16153799
-0.019408785
-0.15346108 0.16961488
1

3
0 0 2 20 1
1 0 1 10 -2
0 10 1 10 -2
0.20051441
-0.016009517
0.21054012 -0.19048868
-1

2
16 2 1 3 1
16 5 1 3 -1
0.17955524
-0.00019376181
0.18853299 -0.17057747
-1

2
5 3 1 1 1
5 4 1 1 -1
0.16915119
0.0010454039
-0.16069363 0.17760874
1

2
5 10 15 1 1
10 10 5 1 -2
0.15308996
0.033409543
0.16074444 -0.14543545
-1

2
4 16 8 4 1
12 16 8 4 -1
0.14007169
-0.076228924
0.14707527 -0.1330681
-1

2
4 9 7 3 1
4 12 7 3 -1
0.16677199
-0.0036339092
-0.15843339 0.17511058
1

2
0 6 10 14 1
10 6 10 14 -1
0.1535551
0.35879475
-0.14587733 0.16123284
1

3
5 0 10 4 1
10 0 5 2 -2
5 2 5 2 -2
0.16426295
-0.013268735
-0.1560498 0.17247608
1

2
1 0 1 6 1
2 0 1 6 -1
0.1489996
-0.0059507107
0.15644957 -0.14154962
-1

3
10 3 8 2 1
14 3 4 1 -2
10 4 4 1 -2
0.14441989
0.00025059952
0.15164088 -0.1371989
-1

2
10 0 5 3 1
10 3 5 3 -1
0.13554829
0.00079617649
-0.12877087 0.1423257
1

2
7 8 3 2 1
10 8 3 2 -1
0.14816639
-0.0086542564
0.15557469 -0.14075807
-1

2
10 11 1 4 1
10 15 1 4 -1
0.12896648
0.0053445604
0.13541479 -0.12251815
-1

3
6 3 4 10 1
8 3 2 5 -2
6 8 2 5 -2
0.14575717
0.00786936
-0.13846931 0.15304501
1

3
1 6 18 6 1
10 6 9 3 -2
1 9 9 3 -2
0.13247533
0.022135215
0.13909909 -0.12585156
-1

2
6 8 4 6 1
10 8 4 6 -1
0.14742862
0.032483056
-0.14005719 0.15480004
1

2
16 12 1 2 1
16 14 1 2 -1
0.12960041
0.00074474158
-0.12312038 0.13608041
1

2
6 7 1 2 1
6 9 1 2 -1
0.12460681
-0.00013451434
-0.11837647 0.13083714
1

2
7 10 7 1 1
7 11 7 1 -1
0.12340619
-0.0013437065
0.12957649 -0.11723588
-1

2
16 10 2 1 1
16 11 2 1 -1
0.11798682
-0.00077188731
-0.11208748 0.12388615
1

2
12 12 4 8 1
16 12 4 8 -1
0.14639562
-0.083732054
0.1537154 -0.13907585
-1

3
15 7 2 6 1
16 7 1 3 -2
15 10 1 3 -2
0.13915223
-0.0029055274
-0.13219461 0.14610983
1

2
8 2 1 3 1
9 2 1 3 -1
0.12991984
-0.0018227223
0.13641582 -0.12342384
-1

2
12 1 6 1 1
12 2 6 1 -1
0.11530105
-0.0034816277
0.1210661 -0.109536
-1

3
5 3 10 16 1
10 3 5 8 -2
5 11 5 8 -2
0.13369596
-0.029804917
-0.12701117 0.14038076
1

3
6 0 6 12 1
9 0 3 6 -2
6 6 3 6 -2
0.12262453
0.01695955
-0.11649331 0.12875575
1

2
3 0 1 5 1
3 5 1 5 -1
0.11932706
0.00013790723
0.1252934 -0.1133607
-1

2
11 4 6 1 1
13 4 2 1 -2
0.12656215
0.0015377614
0.13289025 -0.12023404
-1

3
3 0 4 8 1
5 0 2 4 -2
3 4 2 4 -2
0.14368157
-0.011233035
-0.1364975 0.15086564
1

3
10 1 2 2 1
11 1 1 1 -2
10 2 1 1 -2
0.12077033
-0.00047402584
0.12680884 -0.11473181
-1

2
9 17 1 1 1
9 18 1 1 -1
0.11311948
0.00066459732
-0.10746351 0.11877545
1

2
17 12 1 1 1
17 13 1 1 -1
0.10970132
-0.00020009639
-0.10421626 0.11518638
1

2
0 19 3 1 1
1 19 1 1 -2
0.12896684
0.0012508571
0.13541517 -0.12251849
-1

2
6 0 2 1 1
8 0 2 1 -1
0.12350388
-0.0040118718
-0.11732868 0.12967907
1

2
0 15 9 5 1
9 15 9 5 -1
0.14290014
0.12730075
-0.13575514 0.15004514
1

2
15 14 5 1 1
15 15 5 1 -1
0.1247777
0.0048557739
0.13101658 -0.11853881
-1

3
8 16 12 4 1
14 16 6 2 -2
8 18 6 2 -2
0.13088441
-0.010693994
0.13742863 -0.12434018
-1

2
9 4 9 1 1
9 5 9 1 -1
0.12144255
-0.0044050831
0.12751468 -0.11537042
-1

2
16 7 1 1 1
17 7 1 1 -1
0.10960731
0.00032341361
-0.10412695 0.11508767
1

2
11 0 6 5 1
11 5 6 5 -1
0.12049395
-0.06094807
-0.11446925 0.12651864
1

2
6 19 6 1 1
12 19 6 1 -1
0.13318731
-0.0093400059
0.13984667 -0.12652794
-1

2
9 0 4 11 1
13 0 4 11 -1
0.11359495
-0.012236199
-0.1079152 0.11927469
1

3
18 3 2 14 1
19 3 1 7 -2
18 10 1 7 -2
0.12379739
0.014888474
-0.11760753 0.12998725
1

2
12 16 1 3 1
12 17 1 1 -2
0.1268013
0.007767533
0.13314135 -0.12046123
-1

2
5 3 1 1 1
5 4 1 1 -1
0.11554266
-0.00081346446
0.12131979 -0.10976552
-1

2
9 6 3 1 1
9 7 3 1 -1
0.11727707
0.0014370694
0.12314092 -0.11141322
-1

2
9 3 1 3 1
10 3 1 3 -1
0.11760235
-0.0038766367
0.12348246 -0.11172223
-1

2
11 1 2 18 1
13 1 2 18 -1
0.12629692
0.011071551
0.13261177 -0.11998207
-1

2
5 12 10 2 1
5 14 10 2 -1
0.11239793
-0.0015001072
0.11801782 -0.10677803
-1

2
6 7 7 10 1
13 7 7 10 -1
0.10371755
0.081929266
-0.098531671 0.10890342
1

3
2 2 16 4 1
10 2 8 2 -2
2 4 8 2 -2
0.12763546
-0.013663947
-0.12125369 0.13401723
1

2
16 0 2 14 1
18 0 2 14 -1
0.11942353
-0.047401831
0.1253947 -0.11345235
-1

2
5 11 10 4 1
5 15 10 4 -1
0.13450192
-0.029654561
-0.12777682 0.14122701
1

3
1 15 10 4 1
6 15 5 2 -2
1 17 5 2 -2
0.12872487
0.012481887
-0.12228863 0.13516112
1

2
0 0 2 1 1
0 1 2 1 -1
0.11881444
0.0014159817
0.12475515 -0.11287372
-1

2
6 3 6 3 1
8 3 2 3 -2
0.11785391
0.0050543081
0.1237466 -0.11196122
-1

2
8 19 3 1 1
9 19 1 1 -2
0.1276537
0.0014627785
-0.12127101 0.13403638
1

3
18 2 2 2 1
19 2 1 1 -2
18 3 1 1 -2
0.11381445
-0.00034443807
0.11950517 -0.10812373
-1

3
3 8 2 12 1
4 8 1 6 -2
3 14 1 6 -2
0.10407287
0.00050947285
0.10927651 -0.098869227
-1

3
10 15 6 2 1
13 15 3 1 -2
10 16 3 1 -2
0.099659503
-0.00063560694
0.10464247 -0.094676524
-1

2
0 0 1 15 1
1 0 1 15 -1
0.09734939
-0.00894175
0.10221685 -0.092481919
-1

2
4 13 2 7 1
6 13 2 7 -1
0.11573256
-0.0098128989
-0.10994593 0.12151918
1

2
0 11 2 7 1
2 11 2 7 -1
0.11857967
0.018716423
-0.11265069 0.12450865
1

2
12 13 1 3 1
13 13 1 3 -1
0.1240699
-0.0033758134
-0.1178664 0.13027339
1

2
5 0 12 6 1
5 2 12 2 -2
0.12728852
0.038696788
0.13365294 -0.12092409
-1

3
4 0 2 10 1
5 0 1 5 -2
4 5 1 5 -2
0.13007142
0.0043954151
0.13657498 -0.12356784
-1

2
6 16 8 1 1
6 17 8 1 -1
0.10991105
0.004511361
-0.1044155 0.1154066
1

3
3 18 10 2 1
8 18 5 1 -2
3 19 5 1 -2
0.0986901
-0.003075734
0.1036246 -0.093755595
-1

2
11 0 1 9 1
11 9 1 9 -1
0.11786149
-0.0049054706
-0.11196841 0.12375455
1

2
0 10 8 10 1
8 10 8 10 -1
0.11832349
-0.20468237
0.12423966 -0.11240731
-1

2
7 5 9 1 1
7 6 9 1 -1
0.118313
-0.0010173086
0.12422864 -0.11239735
-1

3
0 2 2 18 1
1 2 1 9 -2
0 11 1 9 -2
0.10227102
0.0046784934
-0.097157471 0.10738457
1

2
1 10 1 2 1
2 10 1 2 -1
0.10964432
7.7242323e-005
0.11512653 -0.1041621
-1

3
3 10 10 2 1
8 10 5 1 -2
3 11 5 1 -2
0.093980923
-0.0023456705
0.098679967 -0.089281879
-1

2
2 7 1 3 1
2 10 1 3 -1
0.10319157
-0.00034630799
-0.09803199 0.10835114
1

2
9 8 1 1 1
10 8 1 1 -1
0.10218707
0.00055448664
-0.09707772 0.10729642
1

3
7 17 4 2 1
9 17 2 1 -2
7 18 2 1 -2
0.09889967
-0.0014442365
-0.093954682 0.10384465
1

2
4 3 15 1 1
4 4 15 1 -1
0.10684599
-0.012650239
0.11218829 -0.10150369
-1

3
6 14 8 6 1
10 14 4 3 -2
6 17 4 3 -2
0.10637962
0.0075159324
0.1116986 -0.10106064
-1

3
1 3 2 2 1
2 3 1 1 -2
1 4 1 1 -2
0.096419923
-0.00083023548
0.10124092 -0.091598928
-1

3
3 1 14 4 1
10 1 7 2 -2
3 3 7 2 -2
0.10749263
0.01508657
0.11286725 -0.10211799
-1

2
9 3 6 5 1
11 3 2 5 -2
0.10735439
0.014872875
0.1127221 -0.10198667
-1

3
0 16 20 2 1
10 16 10 1 -2
0 17 10 1 -2
0.1239893
-0.0070933723
-0.11778983 0.13018876
1

3
9 4 6 14 1
12 4 3 7 -2
9 11 3 7 -2
0.10437463
-0.0071892869
0.10959336 -0.099155903
-1

2
11 9 1 1 1
12 9 1 1 -1
0.097446665
0.00040430026
-0.092574328 0.10231899
1

2
9 0 3 17 1
12 0 3 17 -1
0.10778132
0.029035388
0.11317039 -0.10239226
-1

2
7 3 1 1 1
8 3 1 1 -1
0.10678572
-0.00048630752
0.112125 -0.10144643
-1

2
8 2 1 1 1
8 3 1 1 -1
0.097295813
4.5445533e-005
-0.092431024 0.1021606
1

2
4 4 12 1 1
8 4 4 1 -2
0.096651271
0.0038142812
0.10148383 -0.091818705
-1

2
7 0 1 4 1
8 0 1 4 -1
0.11218575
-0.0045488621
-0.10657647 0.11779504
1

2
4 4 1 1 1
5 4 1 1 -1
0.10924364
0.00073250494
-0.10378145 0.11470582
1

2
19 10 1 1 1
19 11 1 1 -1
0.089820184
-0.00037614061
-0.085329175 0.094311185
1

2
1 4 3 12 1
4 4 3 12 -1
0.11361874
-0.052938491
0.11929967 -0.1079378
-1

2
15 7 1 1 1
16 7 1 1 -1
0.09938103
0.0014491588
0.10435008 -0.094411977
-1

2
0 8 3 6 1
3 8 3 6 -1
0.12747788
0.031103944
-0.12110399 0.13385177
1

2
2 13 2 1 1
2 14 2 1 -1
0.10762159
-0.00037149954
-0.10224051 0.11300267
1

2
14 17 2 2 1
16 17 2 2 -1
0.10618406
-0.0022076818
0.11149325 -0.10087486
-1

2
17 10 1 4 1
18 10 1 4 -1
0.10365206
-0.00013329434
-0.098469459 0.10883466
1

2
8 12 6 1 1
8 13 6 1 -1
0.10212419
0.0036935841
-0.097017981 0.1072304
1

2
5 9 11 4 1
5 13 11 4 -1
0.11769322
0.050677117
0.12357787 -0.11180855
-1

2
6 11 7 1 1
6 12 7 1 -1
0.11732733
0.007149172
-0.11146095 0.12319369
1

2
8 0 1 9 1
8 9 1 9 -1
0.10052599
-0.0031365522
-0.095499687 0.10555229
1

2
8 13 4 1 1
8 14 4 1 -1
0.11402674
0.0016156175
-0.1083254 0.11972807
1

2
8 9 5 3 1
8 12 5 3 -1
0.092808135
0.023291042
0.097448535 -0.088167727
-1

2
4 5 12 3 1
8 5 4 3 -2
0.12317842
0.0058274996
0.12933733 -0.11701949
-1

3
2 2 14 14 1
9 2 7 7 -2
2 9 7 7 -2
0.12154549
0.051954061
0.12762275 -0.11546821
-1

2
5 10 9 1 1
5 11 9 1 -1
0.11077774
0.0085895648
-0.10523885 0.11631662
1

3
11 9 2 8 1
12 9 1 4 -2
11 13 1 4 -2
0.099075168
0.0037387197
0.10402893 -0.094121411
-1

2
11 4 1 1 1
12 4 1 1 -1
0.111251
-0.0010849623
0.11681354 -0.10568845
-1

2
16 5 4 1 1
16 6 4 1 -1
0.095602915
-0.0001894936
0.10038306 -0.090822771
-1

3
6 1 8 10 1
10 1 4 5 -2
6 6 4 5 -2
0.097070746
0.020024523
-0.092217207 0.10192428
1

2
4 3 4 6 1
8 3 4 6 -1
0.10277924
-0.02476746
-0.097640276 0.1079182
1

2
0 0 1 3 1
0 1 1 1 -2
0.096287891
0.0013918141
0.10110228 -0.091473497
-1

2
4 0 1 1 1
5 0 1 1 -1
0.10923114
-0.001325686
-0.10376958 0.11469269
1

2
9 12 2 1 1
9 13 2 1 -1
0.11180018
0.0025420869
-0.10621017 0.11739019
1

2
4 0 1 1 1
5 0 1 1 -1
0.10925945
-4.8279111e-005
0.11472242 -0.10379647
-1

2
1 2 2 4 1
3 2 2 4 -1
0.10979594
-0.00022720054
-0.10430614 0.11528572
1

2
17 18 3 1 1
17 19 3 1 -1
0.09281715
-0.00052197388
-0.088176295 0.097458005
1

3
0 3 2 4 1
1 3 1 2 -2
0 5 1 2 -2
0.10489995
-0.0015895442
0.11014494 -0.09965495
-1

2
7 18 6 1 1
9 18 2 1 -2
0.10234777
0.0041583953
-0.097230382 0.10746516
1

3
2 8 8 12 1
6 8 4 6 -2
2 14 4 6 -2
0.11100965
-0.018823622
0.11656012 -0.10545917
-1

2
1 2 3 1 1
2 2 1 1 -2
0.096886151
0.0058189477
0.10173045 -0.092041843
-1

2
5 4 6 5 1
7 4 2 5 -2
0.099876136
0.072668239
-0.094882324 0.10486994
1

2
2 14 15 1 1
7 14 5 1 -2
0.093290009
0.043186177
0.097954504 -0.088625506
-1

2
16 8 2 11 1
18 8 2 11 -1
0.11854511
-0.03992046
0.12447236 -0.11261786
-1

2
17 13 3 1 1
17 14 3 1 -1
0.10930482
-0.00044309386
-0.10383958 0.11477005
1

2
14 3 1 1 1
15 3 1 1 -1
0.093992479
-0.00035447173
0.098692097 -0.089292854
-1

2
16 9 1 4 1
17 9 1 4 -1
0.093644507
-0.00013361081
-0.088962279 0.098326728
1

3
17 3 2 2 1
18 3 1 1 -2
17 4 1 1 -2
0.092318371
-0.00033900447
0.096934289 -0.087702453
-1

2
7 11 10 4 1
7 15 10 4 -1
0.10063142
0.041392442
0.10566298 -0.095599845
-1

2
13 4 4 3 1
13 5 4 1 -2
0.10354853
0.0038545174
0.10872595 -0.098371096
-1

2
12 8 3 3 1
12 11 3 3 -1
0.11616114
0.016128968
0.12196919 -0.11035308
-1

3
14 3 2 2 1
15 3 1 1 -2
14 4 1 1 -2
0.10484621
0.001051206
-0.099603899 0.11008851
1

2
2 14 1 1 1
2 15 1 1 -1
0.096503966
-0.0001496902
-0.091678768 0.10132916
1

3
13 10 6 10 1
16 10 3 5 -2
13 15 3 5 -2
0.093846805
0.023775782
-0.089154467 0.098539144
1

2
16 10 1 1 1
17 10 1 1 -1
0.11086728
0.0015922991
0.11641064 -0.10532391
-1

3
13 13 6 6 1
16 13 3 3 -2
13 16 3 3 -2
0.10671519
-0.0085355509
0.11205094 -0.10137942
-1

2
12 1 1 1 1
13 1 1 1 -1
0.095378414
4.5176399e-005
-0.090609491 0.10014733
1

2
14 14 2 1 1
14 15 2 1 -1
0.094389364
0.00023400296
-0.089669898 0.09910883
1

2
1 4 10 1 1
1 5 10 1 -1
0.088476762
-0.007246783
0.092900597 -0.08405292
-1

2
5 6 11 1 1
5 7 11 1 -1
0.089904547
-0.001831233
0.094399773 -0.085409321
-1

2
12 0 6 7 1
12 7 6 7 -1
0.095166087
-0.022678079
-0.090407781 0.099924386
1

2
5 1 10 1 1
5 2 10 1 -1
0.092692576
0.00093019143
0.097327203 -0.08805795
-1

2
7 1 1 1 1
7 2 1 1 -1
0.096675791
0.00022495497
-0.091842003 0.10150958
1

2
17 0 1 8 1
17 8 1 8 -1
0.092632353
-0.00074304792
0.097263969 -0.088000737
-1

3
14 14 6 6 1
17 14 3 3 -2
14 17 3 3 -2
0.095059447
0.012307507
-0.090306476 0.099812418
1

3
4 9 14 6 1
11 9 7 3 -2
4 12 7 3 -2
0.10550489
0.023163753
0.11078013 -0.10022964
-1

2
9 3 6 2 1
11 3 2 2 -2
0.11476694
0.0022886726
0.12050528 -0.10902859
-1

2
3 11 1 1 1
3 12 1 1 -1
0.11977378
-0.00083621201
-0.11378509 0.12576246
1

3
16 6 4 14 1
18 6 2 7 -2
16 13 2 7 -2
0.10960851
-0.01874193
0.11508893 -0.10412809
-1

2
5 0 1 1 1
6 0 1 1 -1
0.10341666
-0.0015762907
-0.098245822 0.10858749
1

2
0 0 10 2 1
10 0 10 2 -1
0.1133313
0.032349531
-0.10766473 0.11899786
1

2
5 0 2 1 1
7 0 2 1 -1
0.10316214
-0.00054422987
0.10832024 -0.098004028
-1

2
3 7 1 1 1
3 8 1 1 -1
0.090925053
4.3989588e-005
-0.086378798 0.0954713
1

2
6 8 2 3 1
6 11 2 3 -1
0.086741813
-0.00027489569
-0.082404718 0.0910789
1

2
5 8 11 1 1
5 9 11 1 -1
0.10430158
-0.0012275089
0.10951665 -0.099086501
-1

3
14 2 4 8 1
16 2 2 4 -2
14 6 2 4 -2
0.091731682
0.0016023763
0.09631826 -0.087145098
-1

2
0 0 10 1 1
10 0 10 1 -1
0.093856245
-0.033575073
0.098549053 -0.08916343
-1

2
17 9 1 1 1
17 10 1 1 -1
0.1205547
-0.00061619229
-0.11452696 0.12658243
1

3
7 11 10 2 1
12 11 5 1 -2
7 12 5 1 -2
0.10105259
0.004032657
-0.095999956 0.10610522
1

2
13 0 1 20 1
14 0 1 20 -1
0.090665936
0.0061608707
0.095199227 -0.086132638
-1

2
2 19 18 1 1
8 19 6 1 -2
0.10463951
0.012560338
0.10987148 -0.099407531
-1

3
7 8 2 12 1
8 8 1 6 -2
7 14 1 6 -2
0.10057917
0.0051742708
0.10560813 -0.095550209
-1

3
0 1 4 18 1
2 1 2 9 -2
0 10 2 9 -2
0.11283689
-0.038593002
0.11847873 -0.10719504
-1

2
6 0 1 1 1
7 0 1 1 -1
0.10538074
-0.001430769
-0.1001117 0.11064976
1

3
6 2 2 2 1
7 2 1 1 -2
6 3 1 1 -2
0.10983087
-0.0009252163
0.11532241 -0.10433932
-1

2
6 3 1 1 1
7 3 1 1 -1
0.097112082
-0.00036236152
0.10196768 -0.092256479
-1

2
9 0 1 1 1
10 0 1 1 -1
0.10506611
0.00086201337
0.11031941 -0.099812798
-1

3
14 2 6 18 1
17 2 3 9 -2
14 11 3 9 -2
0.10965987
0.045923568
-0.10417688 0.11514286
1

3
16 1 4 12 1
18 1 2 6 -2
16 7 2 6 -2
0.10248774
-0.00011232086
0.10761212 -0.097363345
-1

2
2 7 3 3 1
5 7 3 3 -1
0.091010623
-0.00036988864
-0.086460091 0.095561147
1

3
4 8 2 12 1
5 8 1 6 -2
4 14 1 6 -2
0.095205113
0.0004792265
0.099965364 -0.090444855
-1

2
2 8 1 8 1
3 8 1 8 -1
0.099236332
-0.0024138817
0.10419814 -0.094274513
-1

2
18 0 2 8 1
18 8 2 8 -1
0.09125258
0.0014333329
0.095815204 -0.086689949
-1

2
12 3 1 2 1
13 3 1 2 -1
0.093287632
-0.0013129358
0.097952008 -0.088623248
-1

2
6 5 4 1 1
6 6 4 1 -1
0.10012984
7.9744685e-005
0.10513633 -0.095123351
-1

2
2 0 12 3 1
2 1 12 1 -2
0.098377697
0.023121629
0.10329658 -0.093458809
-1

2
2 10 1 1 1
3 10 1 1 -1
0.11434034
-0.0019518364
-0.10862332 0.12005734
1

2
0 0 6 2 1
6 0 6 2 -1
0.10459439
0.01855824
-0.099364676 0.10982411
1

2
9 14 1 3 1
10 14 1 3 -1
0.10570588
-0.0039997003
-0.10042059 0.11099117
1

3
2 16 8 4 1
6 16 4 2 -2
2 18 4 2 -2
0.11238346
0.0099823931
-0.10676428 0.11800262
1

2
2 0 15 6 1
2 6 15 6 -1
0.10720934
-0.10416041
-0.10184887 0.1125698
1

2
8 4 11 1 1
8 5 11 1 -1
0.099404775
-0.0070773601
0.10437501 -0.094434537
-1

2
8 2 1 1 1
9 2 1 1 -1
0.096377209
-0.00038811742
0.10119607 -0.091558345
-1

2
5 15 1 1 1
5 16 1 1 -1
0.094100878
0.00011476619
-0.089395836 0.098805919
1

2
14 6 1 2 1
14 8 1 2 -1
0.091692686
-0.0002108284
0.096277319 -0.087108053
-1

2
5 2 3 1 1
8 2 3 1 -1
0.099898294
-0.0055301907
-0.09490338 0.1048932
1

3
0 3 6 2 1
3 3 3 1 -2
0 4 3 1 -2
0.10236006
0.0026445147
-0.097242057 0.10747806
1

2
17 11 2 1 1
17 12 2 1 -1
0.09678454
-0.0003549924
-0.091945313 0.10162376
1

3
5 3 2 2 1
6 3 1 1 -2
5 4 1 1 -2
0.099891655
0.00072437036
-0.094897069 0.10488623
1

2
4 13 12 2 1
4 15 12 2 -1
0.09298227
0.0023397831
0.09763138 -0.088333152
-1

2
12 14 1 1 1
12 15 1 1 -1
0.0876377
0.00011647936
-0.083255813 0.09201958
1

2
10 0 3 9 1
13 0 3 9 -1
0.091101341
0.00033329503
-0.086546272 0.095656402
1

3
11 4 4 8 1
13 4 2 4 -2
11 8 2 4 -2
0.097697444
-0.0061699371
0.10258231 -0.092812568
-1

2
5 9 7 3 1
5 12 7 3 -1
0.10819934
0.033498637
0.11360931 -0.10278937
-1

2
0 17 9 3 1
3 17 3 3 -2
0.11070289
0.012971129
0.11623804 -0.10516775
-1

2
14 8 4 1 1
14 9 4 1 -1
0.10563394
-0.00031174498
-0.10035224 0.11091563
1

2
13 9 7 3 1
13 10 7 1 -2
0.09451776
0.041030761
-0.089791872 0.099243641
1

2
17 19 3 1 1
18 19 1 1 -2
0.094379939
0.0038820796
0.099098928 -0.089660943
-1

2
0 0 20 10 1
0 10 20 10 -1
0.089634776
-0.039202392
0.094116509 -0.085153036
-1

3
1 10 16 6 1
9 10 8 3 -2
1 13 8 3 -2
0.10033096
-0.030778844
-0.095314406 0.1053475
1

3
8 18 10 2 1
13 18 5 1 -2
8 19 5 1 -2
0.11046635
0.0057965769
-0.10494303 0.11598966
1

2
11 2 2 8 1
11 10 2 8 -1
0.094465859
-0.011287294
-0.089742564 0.099189147
1

3
9 15 10 4 1
14 15 5 2 -2
9 17 5 2 -2
0.10401691
0.015584412
-0.098816067 0.10921776
1

2
8 14 3 1 1
9 14 1 1 -2
0.095293351
0.00792161
0.10005801 -0.090528682
-1

2
1 5 16 3 1
1 8 16 3 -1
0.10195705
-0.037431967
0.1070549 -0.096859202
-1

2
9 19 3 1 1
10 19 1 1 -2
0.10243116
0.0019290207
-0.097309604 0.10755271
1

2
7 1 2 7 1
9 1 2 7 -1
0.094957322
0.015015628
-0.090209454 0.099705182
1

2
6 1 5 2 1
6 3 5 2 -1
0.10100744
0.01899931
0.10605781 -0.095957063
-1

2
3 1 16 1 1
3 2 16 1 -1
0.098352827
0.019172279
-0.093435183 0.10327046
1

2
11 14 1 4 1
12 14 1 4 -1
0.099310271
0.0037526453
0.10427578 -0.094344757
-1

2
4 4 3 2 1
5 4 1 2 -2
0.1115383
0.00034971125
0.11711521 -0.10596138
-1

3
5 6 2 10 1
6 6 1 5 -2
5 11 1 5 -2
0.10670806
-0.0039140237
-0.10137265 0.11204346
1

3
5 3 2 2 1
6 3 1 1 -2
5 4 1 1 -2
0.093822747
-0.001061497
0.098513879 -0.089131609
-1

2
10 0 2 8 1
10 8 2 8 -1
0.10088874
-0.0042838268
-0.095844306 0.10593317
1

2
10 17 2 1 1
10 18 2 1 -1
0.086479105
0.0014108319
-0.082155146 0.090803057
1

2
1 4 1 2 1
2 4 1 2 -1
0.085483536
0.0010568361
-0.081209362 0.089757711
1

3
9 17 2 2 1
10 17 1 1 -2
9 18 1 1 -2
0.10920943
-0.00077432347
-0.10374896 0.1146699
1

2
4 0 8 19 1
12 0 8 19 -1
0.10473567
-0.3374781
0.10997244 -0.099498883
-1

2
4 0 1 2 1
5 0 1 2 -1
0.10351513
-0.0031396386
-0.098339379 0.10869089
1

3
0 4 2 8 1
1 4 1 4 -2
0 8 1 4 -2
0.10995502
-0.0066778846
0.11545277 -0.10445727
-1

3
11 12 2 8 1
12 12 1 4 -2
11 16 1 4 -2
0.10045105
-0.0053665461
-0.095428497 0.1054736
1

3
0 2 2 14 1
1 2 1 7 -2
0 9 1 7 -2
0.10899044
0.0051720352
-0.10354091 0.11443996
1

2
14 0 3 15 1
17 0 3 15 -1
0.08976943
0.031522091
-0.085280955 0.094257899
1

3
11 4 6 2 1
14 4 3 1 -2
11 5 3 1 -2
0.096977279
-0.00045153414
-0.092128411 0.10182614
1

3
13 1 2 8 1
14 1 1 4 -2
13 5 1 4 -2
0.097320147
0.00087978644
0.10218615 -0.092454135
-1

2
14 1 3 12 1
17 1 3 12 -1
0.095984846
-0.055285186
0.10078409 -0.0911856
-1

2
1 17 19 1 1
1 18 19 1 -1
0.10817131
0.021415286
0.11357987 -0.10276274
-1

2
0 0 10 12 1
10 0 10 12 -1
0.10082488
0.36043844
-0.095783636 0.10586612
1

2
15 13 2 1 1
15 14 2 1 -1
0.10390048
0.0026529748
0.1090955 -0.098705456
-1

3
10 12 4 2 1
12 12 2 1 -2
10 13 2 1 -2
0.10464652
-0.0021453348
0.10987884 -0.099414192
-1

3
8 12 2 2 1
9 12 1 1 -2
8 13 1 1 -2
0.093798928
-5.302814e-005
0.098488867 -0.089108981
-1

2
0 7 2 2 1
2 7 2 2 -1
0.090641871
-0.0018395932
0.095173962 -0.08610978
-1

3
2 0 2 8 1
3 0 1 4 -2
2 4 1 4 -2
0.092882492
0.00075978274
0.09752661 -0.088238366
-1

3
1 3 2 8 1
2 3 1 4 -2
1 7 1 4 -2
0.087899849
-0.0025507528
0.092294835 -0.083504856
-1

2
4 0 3 15 1
7 0 3 15 -1
0.096418843
0.030876197
0.10123978 -0.0915979
-1

3
7 12 8 2 1
11 12 4 1 -2
7 13 4 1 -2
0.099288136
0.0051405788
-0.094323725 0.10425254
1

2
6 15 1 4 1
7 15 1 4 -1
0.10308697
-0.0037884964
-0.097932622 0.10824131
1

2
0 15 6 2 1
6 15 6 2 -1
0.10213139
0.033921134
-0.097024821 0.10723795
1

2
1 10 4 2 1
1 12 4 2 -1
0.099918596
-0.00055132178
-0.094922662 0.10491452
1

3
7 13 4 2 1
9 13 2 1 -2
7 14 2 1 -2
0.090299368
-0.00066641474
0.09481433 -0.085784398
-1

3
10 10 2 8 1
11 10 1 4 -2
10 14 1 4 -2
0.091678098
0.0029002435
0.096262001 -0.087094195
-1

3
14 1 2 2 1
15 1 1 1 -2
14 2 1 1 -2
0.096944332
0.0005729401
-0.092097111 0.10179155
1

2
6 1 8 1 1
6 2 8 1 -1
0.086280771
0.001658538
0.090594806 -0.081966728
-1

