348
1649
7635
1.4641
10
546
3
0 0 4 20 1
2 0 2 10 -2
0 10 2 10 -2
0.38620719
-0.082165785
0.40165547 -0.37075889
-1

2
14 4 1 1 1
14 5 1 1 -1
0.2484604
-0.00089612097
0.2583988 -0.23852198
-1

2
2 3 4 1 1
2 4 4 1 -1
0.20351027
0.0017181168
-0.19536985 0.21165067
1

2
14 0 3 1 1
17 0 3 1 -1
0.19227675
0.0044918139
-0.18458568 0.1999678
1

2
9 1 3 5 1
12 1 3 5 -1
0.17770419
0.013844388
-0.17059602 0.18481235
1

2
4 5 6 1 1
4 6 6 1 -1
0.14876008
-4.4625864e-005
0.15471047 -0.14280967
-1

2
0 2 3 11 1
3 2 3 11 -1
0.17612243
-0.038422599
0.18316732 -0.16907753
-1

3
10 4 10 10 1
15 4 5 5 -2
10 9 5 5 -2
0.12426408
-0.0039651985
-0.11929351 0.12923464
1

2
0 0 10 20 1
10 0 10 20 -1
0.13520929
0.5565204
-0.12980092 0.14061765
1

2
3 2 6 2 1
9 2 6 2 -1
0.14513253
0.015654728
0.15093783 -0.13932723
-1

3
13 3 2 2 1
14 3 1 1 -2
13 4 1 1 -2
0.12479107
-0.0012041586
0.12978271 -0.11979943
-1

3
16 5 2 8 1
17 5 1 4 -2
16 9 1 4 -2
0.11889324
0.0021555335
0.12364897 -0.11413751
-1

2
0 5 9 8 1
3 5 3 8 -2
0.12237354
0.020150689
0.12726848 -0.11747859
-1

2
6 6 2 5 1
6 11 2 5 -1
0.14240141
-0.00033075697
-0.13670535 0.14809747
1

2
4 0 8 1 1
4 1 8 1 -1
0.11052206
0.0091882199
-0.10610118 0.11494294
1

2
0 2 5 6 1
0 8 5 6 -1
0.10024112
-0.00049749383
0.10425076 -0.096231468
-1

2
0 0 2 14 1
2 0 2 14 -1
0.11736452
0.058399126
-0.11266994 0.12205909
1

2
0 0 18 1 1
6 0 6 1 -2
0.1275879
0.010278184
-0.12248438 0.13269141
1

2
10 8 1 1 1
11 8 1 1 -1
0.10151378
0.0006870717
-0.097453229 0.10557432
1

3
4 1 12 4 1
10 1 6 2 -2
4 3 6 2 -2
0.11036488
-0.011414069
-0.10595028 0.11477946
1

2
0 0 8 20 1
8 0 8 20 -1
0.1247417
-0.36335173
0.12973137 -0.11975203
-1

3
2 2 16 14 1
10 2 8 7 -2
2 9 8 7 -2
0.1175304
-0.071522057
-0.11282918 0.12223161
1

2
0 5 10 15 1
10 5 10 15 -1
0.11976482
0.53857154
-0.11497422 0.12455541
1

2
4 0 1 5 1
4 5 1 5 -1
0.12601228
0.001368182
0.13105276 -0.12097178
-1

2
9 1 2 8 1
11 1 2 8 -1
0.11059192
-0.008727924
0.11501559 -0.10616824
-1

2
12 0 2 1 1
14 0 2 1 -1
0.11165402
0.00054588116
-0.10718786 0.11612017
1

2
8 17 1 1 1
8 18 1 1 -1
0.098810941
0.0003263925
-0.094858505 0.10276338
1

2
9 12 2 3 1
9 13 2 1 -2
0.11481389
0.0083242608
0.11940645 -0.11022133
-1

2
10 5 4 1 1
10 6 4 1 -1
0.10205529
-5.106887e-005
0.1061375 -0.097973078
-1

2
14 12 3 8 1
17 12 3 8 -1
0.10896015
-0.070444077
0.11331856 -0.10460174
-1

2
8 6 4 1 1
8 7 4 1 -1
0.11563244
0.0034232647
0.12025773 -0.11100714
-1

2
14 11 3 9 1
17 11 3 9 -1
0.10764961
0.049806003
-0.10334362 0.11195559
1

2
0 4 9 6 1
0 6 9 2 -2
0.097637624
0.074624725
-0.093732119 0.10154313
1

3
2 1 2 12 1
3 1 1 6 -2
2 7 1 6 -2
0.091945767
-0.00012938278
-0.088267937 0.095623598
1

2
2 6 7 6 1
2 8 7 2 -2
0.10266829
0.022073751
0.10677502 -0.098561563
-1

2
1 15 6 1 1
1 16 6 1 -1
0.12440204
0.0045584487
0.12937811 -0.11942595
-1

2
6 9 9 1 1
6 10 9 1 -1
0.10603341
-0.0034088138
0.11027475 -0.10179207
-1

2
8 10 5 3 1
8 13 5 3 -1
0.10079837
0.01916674
0.1048303 -0.096766435
-1

2
8 9 4 1 1
8 10 4 1 -1
0.11150716
0.0056382869
-0.10704687 0.11596745
1

2
16 2 4 2 1
16 4 4 2 -1
0.10646648
0.0020914464
0.11072513 -0.10220782
-1

3
0 4 2 16 1
1 4 1 8 -2
0 12 1 8 -2
0.099705406
-0.017140478
0.10369362 -0.095717184
-1

3
8 14 4 6 1
10 14 2 3 -2
8 17 2 3 -2
0.11327519
-0.0057702293
-0.10874417 0.11780619
1

3
16 0 4 20 1
18 0 2 10 -2
16 10 2 10 -2
0.096822798
0.03931202
-0.092949882 0.10069571
1

3
2 0 4 10 1
4 0 2 5 -2
2 5 2 5 -2
0.10128852
0.010725226
0.10534006 -0.097236976
-1

2
8 2 2 11 1
10 2 2 11 -1
0.10442595
0.043750487
-0.10024891 0.10860299
1

2
10 10 1 5 1
10 15 1 5 -1
0.10674147
-0.0069410219
-0.10247181 0.11101113
1

2
13 2 3 12 1
16 2 3 12 -1
0.10910374
-0.038572714
0.11346789 -0.10473958
-1

2
16 8 1 1 1
17 8 1 1 -1
0.099332653
0.00022411373
-0.095359348 0.10330596
1

2
16 6 1 3 1
17 6 1 3 -1
0.094920248
0.003894506
0.098717056 -0.091123439
-1

2
0 19 6 1 1
6 19 6 1 -1
0.10238066
-0.0089984378
0.10647587 -0.098285429
-1

2
17 18 2 1 1
17 19 2 1 -1
0.093572237
0.00019972457
0.097315125 -0.089829348
-1

3
3 14 4 6 1
5 14 2 3 -2
3 17 2 3 -2
0.08661937
-0.0076531912
0.090084143 -0.083154596
-1

2
6 14 1 2 1
7 14 1 2 -1
0.10895655
-0.0015527782
-0.10459829 0.11331481
1

3
12 9 2 2 1
13 9 1 1 -2
12 10 1 1 -2
0.096055582
-0.00097267947
0.099897802 -0.092213355
-1

2
1 1 3 3 1
1 4 3 3 -1
0.091796324
-0.018417612
-0.088124469 0.095468171
1

2
2 3 6 1 1
2 4 6 1 -1
0.10648874
-0.0066917851
0.11074829 -0.10222919
-1

3
14 0 2 10 1
15 0 1 5 -2
14 5 1 5 -2
0.095600106
-0.0058916104
-0.091776103 0.099424109
1

2
0 0 3 16 1
3 0 3 16 -1
0.10433748
0.090093702
-0.10016397 0.10851097
1

2
3 11 1 1 1
3 12 1 1 -1
0.10092001
0.0010325266
0.10495681 -0.096883215
-1

2
1 1 17 1 1
1 2 17 1 -1
0.10118639
-0.0051985891
0.10523384 -0.097138926
-1

3
14 14 2 2 1
15 14 1 1 -2
14 15 1 1 -2
0.08734028
-0.00013046489
0.090833887 -0.083846666
-1

2
19 17 1 1 1
19 18 1 1 -1
0.087645404
-0.00017638411
-0.084139585 0.091151215
1

3
18 4 2 14 1
19 4 1 7 -2
18 11 1 7 -2
0.090892904
-0.0048538437
0.094528615 -0.087257184
-1

3
10 14 2 6 1
11 14 1 3 -2
10 17 1 3 -2
0.092368618
0.0027519329
0.096063361 -0.088673867
-1

3
4 1 6 16 1
7 1 3 8 -2
4 9 3 8 -2
0.10072523
-0.03954947
0.10475424 -0.09669622
-1

2
4 16 2 3 1
6 16 2 3 -1
0.088905446
0.00029617432
0.092461661 -0.085349225
-1

3
3 0 8 10 1
7 0 4 5 -2
3 5 4 5 -2
0.087357454
-0.0025765502
-0.083863154 0.090851746
1

2
4 4 3 16 1
7 4 3 16 -1
0.090463586
-0.01284532
-0.08684504 0.094082125
1

2
0 0 7 18 1
7 0 7 18 -1
0.10042506
-0.18263049
0.10444206 -0.096408062
-1

3
2 0 16 16 1
10 0 8 8 -2
2 8 8 8 -2
0.09418343
0.09346009
0.097950764 -0.090416089
-1

2
5 11 9 1 1
5 12 9 1 -1
0.10245136
0.012030828
-0.098353304 0.10654941
1

2
13 13 1 7 1
14 13 1 7 -1
0.088618964
0.0032609201
0.092163719 -0.085074201
-1

3
7 11 10 2 1
12 11 5 1 -2
7 12 5 1 -2
0.095866032
-0.0050705313
0.099700667 -0.092031389
-1

3
7 14 2 6 1
8 14 1 3 -2
7 17 1 3 -2
0.090588666
0.0029027236
0.094212212 -0.086965121
-1

2
0 0 10 13 1
10 0 10 13 -1
0.10375044
0.22666045
-0.099600427 0.10790046
1

2
7 0 4 11 1
11 0 4 11 -1
0.098922655
0.033479344
0.10287955 -0.094965748
-1

2
10 6 1 1 1
11 6 1 1 -1
0.087980181
0.00038415389
-0.084460974 0.091499388
1

3
8 8 6 4 1
11 8 3 2 -2
8 10 3 2 -2
0.081117198
-0.0022174588
0.084361881 -0.077872507
-1

3
15 2 2 12 1
16 2 1 6 -2
15 8 1 6 -2
0.084233314
0.0010367348
0.087602645 -0.080863982
-1

3
11 1 4 10 1
13 1 2 5 -2
11 6 2 5 -2
0.082555309
-0.0070640785
0.085857518 -0.079253092
-1

2
6 5 6 1 1
12 5 6 1 -1
0.095104791
-0.0056649316
-0.091300599 0.098908976
1

2
0 0 10 2 1
10 0 10 2 -1
0.091746122
-0.034529921
0.095415965 -0.088076271
-1

2
16 1 4 5 1
16 6 4 5 -1
0.092297211
-0.0017983614
0.095989093 -0.088605322
-1

2
14 3 2 1 1
14 4 2 1 -1
0.093999393
-0.0016209199
0.097759366 -0.090239413
-1

2
7 0 2 1 1
9 0 2 1 -1
0.082987279
-0.0030355987
-0.079667784 0.086306766
1

2
11 5 9 6 1
14 5 3 6 -2
0.10723671
0.026774047
0.11152617 -0.10294724
-1

2
5 0 1 1 1
6 0 1 1 -1
0.095800631
-0.0013571277
-0.091968603 0.099632651
1

3
17 3 2 2 1
18 3 1 1 -2
17 4 1 1 -2
0.092332296
0.0013203946
-0.088638999 0.096025586
1

2
3 0 3 1 1
6 0 3 1 -1
0.091835812
-0.0014240014
0.095509239 -0.088162377
-1

2
1 7 1 1 1
2 7 1 1 -1
0.081134483
-0.0003555018
0.084379859 -0.0778891
-1

2
3 15 1 3 1
4 15 1 3 -1
0.089336552
3.1147083e-005
-0.085763089 0.092910014
1

2
8 11 1 3 1
8 12 1 1 -2
0.083191566
0.004682322
0.086519226 -0.079863898
-1

2
4 3 6 8 1
6 3 2 8 -2
0.096281745
0.093550511
-0.092430472 0.10013301
1

2
10 11 1 3 1
10 12 1 1 -2
0.079468504
0.0042615915
0.082647242 -0.076289758
-1

2
10 14 1 2 1
10 16 1 2 -1
0.090571605
-0.0040500788
-0.086948738 0.094194464
1

2
7 4 1 1 1
8 4 1 1 -1
0.1044481
0.0014208016
-0.10027017 0.10862602
1

3
13 0 2 8 1
14 0 1 4 -2
13 4 1 4 -2
0.08648663
0.0037627988
0.089946091 -0.083027162
-1

2
7 12 6 1 1
7 13 6 1 -1
0.093180835
-0.0026106166
0.096908063 -0.0894536
-1

3
6 10 10 2 1
11 10 5 1 -2
6 11 5 1 -2
0.082497545
-0.0025037772
0.085797444 -0.079197638
-1

2
3 10 3 1 1
3 11 3 1 -1
0.090768844
-0.00079548714
-0.087138087 0.094399594
1

3
7 3 2 2 1
8 3 1 1 -2
7 4 1 1 -2
0.090682246
0.00085021264
-0.087054953 0.094309531
1

2
4 7 1 4 1
4 11 1 4 -1
0.082526959
0.0072837067
0.085828036 -0.079225883
-1

2
3 1 13 6 1
3 3 13 2 -2
0.095491536
0.039352439
0.099311195 -0.091671869
-1

2
11 10 2 4 1
11 14 2 4 -1
0.10188919
-0.011083798
-0.097813621 0.10596476
1

3
11 16 6 4 1
14 16 3 2 -2
11 18 3 2 -2
0.09099552
0.011359823
-0.087355696 0.094635338
1

2
14 5 2 1 1
14 6 2 1 -1
0.086444512
-0.00017545467
0.089902289 -0.082986727
-1

3
4 15 2 4 1
5 15 1 2 -2
4 17 1 2 -2
0.087018549
0.0011697412
-0.083537802 0.090499289
1

2
16 12 2 1 1
16 13 2 1 -1
0.084325567
-0.0001721911
-0.08095254 0.087698586
1

3
6 1 8 10 1
10 1 4 5 -2
6 6 4 5 -2
0.082533076
-0.02469605
0.085834399 -0.079231754
-1

3
3 0 14 16 1
10 0 7 8 -2
3 8 7 8 -2
0.087674066
-0.067291982
-0.0841671 0.091181025
1

3
13 16 4 4 1
15 16 2 2 -2
13 18 2 2 -2
0.092562914
-0.0040230881
0.096265428 -0.088860393
-1

3
3 4 2 10 1
4 4 1 5 -2
3 9 1 5 -2
0.080819882
0.0046342383
0.084052674 -0.077587083
-1

2
7 13 7 1 1
7 14 7 1 -1
0.095516749
-0.0030913495
0.099337414 -0.091696076
-1

2
10 8 1 1 1
10 9 1 1 -1
0.074909545
-4.7062756e-005
0.077905923 -0.07191316
-1

3
4 0 2 10 1
5 0 1 5 -2
4 5 1 5 -2
0.079410687
-0.0020902196
-0.076234259 0.082587108
1

2
14 4 2 4 1
14 8 2 4 -1
0.081682399
0.0050957226
-0.078415103 0.084949695
1

2
0 5 5 1 1
0 6 5 1 -1
0.086329423
-0.00021869541
0.089782596 -0.082876243
-1

3
0 2 4 18 1
2 2 2 9 -2
0 11 2 9 -2
0.078161232
0.0084741283
-0.075034782 0.081287682
1

2
3 8 2 1 1
3 9 2 1 -1
0.0796443
-0.00019735748
-0.076458529 0.082830071
1

2
0 4 1 15 1
0 9 1 5 -2
0.080060914
0.004805211
0.083263345 -0.076858476
-1

3
8 2 12 4 1
14 2 6 2 -2
8 4 6 2 -2
0.095413484
-0.018864403
-0.091596939 0.099230021
1

2
10 13 1 1 1
10 14 1 1 -1
0.089477964
0.0009660566
-0.085898846 0.093057081
1

2
0 12 1 1 1
0 13 1 1 -1
0.082636155
0.0006813638
0.085941598 -0.079330705
-1

2
1 0 2 10 1
1 10 2 10 -1
0.090874717
0.059157062
-0.087239727 0.094509698
1

2
17 7 1 1 1
17 8 1 1 -1
0.095697768
0.0011173184
0.099525675 -0.091869853
-1

3
10 1 8 10 1
14 1 4 5 -2
10 6 4 5 -2
0.091165073
-0.031680863
0.09481167 -0.087518468
-1

2
11 9 4 3 1
11 12 4 3 -1
0.09222351
0.016581541
0.095912449 -0.088534571
-1

3
11 2 4 14 1
13 2 2 7 -2
11 9 2 7 -2
0.084973663
0.019995647
-0.081574716 0.088372603
1

2
14 0 1 1 1
15 0 1 1 -1
0.083474971
-6.8714005e-005
-0.080135971 0.086813964
1

2
0 17 3 3 1
3 17 3 3 -1
0.081296369
0.012668414
-0.078044511 0.08454822
1

2
14 0 1 1 1
15 0 1 1 -1
0.08724197
0.0012061871
0.090731643 -0.083752289
-1

2
10 12 2 1 1
10 13 2 1 -1
0.088548817
0.0024134994
-0.085006863 0.092090763
1

2
2 13 15 2 1
7 13 5 2 -2
0.086412065
0.083423927
0.089868546 -0.082955584
-1

2
14 2 1 1 1
14 3 1 1 -1
0.092938326
-0.00054399105
0.096655853 -0.089220792
-1

2
11 0 9 9 1
11 3 9 3 -2
0.088089645
0.18613303
-0.084566057 0.091613226
1

2
7 2 1 7 1
7 9 1 7 -1
0.085318774
0.0026777801
0.08873152 -0.081906021
-1

3
3 1 6 14 1
6 1 3 7 -2
3 8 3 7 -2
0.087056614
-0.024463966
0.090538874 -0.083574347
-1

2
1 10 18 2 1
7 10 6 2 -2
0.088441402
0.10085495
0.091979057 -0.084903747
-1

2
0 0 7 1 1
7 0 7 1 -1
0.082052812
0.0073139928
-0.078770697 0.085334919
1

2
9 0 3 2 1
9 2 3 2 -1
0.091072977
-0.00053387258
-0.087430052 0.094715893
1

3
14 2 2 2 1
15 2 1 1 -2
14 3 1 1 -2
0.084927596
0.00075457513
-0.081530489 0.088324696
1

2
17 9 1 1 1
17 10 1 1 -1
0.080163233
0.00081631943
0.083369762 -0.076956704
-1

2
2 6 15 6 1
2 8 15 2 -2
0.088619918
0.05510278
0.09216471 -0.085075118
-1

3
10 14 2 4 1
11 14 1 2 -2
10 16 1 2 -2
0.097950205
-0.0028757143
-0.094032198 0.10186821
1

3
15 2 2 2 1
16 2 1 1 -2
15 3 1 1 -2
0.092385814
0.00077920058
-0.088690378 0.096081242
1

2
3 11 1 1 1
3 12 1 1 -1
0.078016378
4.9101178e-005
-0.074895725 0.081137031
1

3
7 15 6 2 1
10 15 3 1 -2
7 16 3 1 -2
0.07999631
-0.0010476898
0.083196163 -0.076796457
-1

3
0 7 6 2 1
3 7 3 1 -2
0 8 3 1 -2
0.076082535
0.00020445019
0.079125836 -0.073039234
-1

3
6 7 2 2 1
7 7 1 1 -2
6 8 1 1 -2
0.075447872
-0.00063912751
0.078465782 -0.072429955
-1

3
11 14 2 4 1
12 14 1 2 -2
11 16 1 2 -2
0.090096965
-0.002701588
-0.086493082 0.093700841
1

2
8 4 6 3 1
10 4 2 3 -2
0.09198267
0.00084380881
0.095661975 -0.088303365
-1

2
11 17 8 1 1
11 18 8 1 -1
0.091328159
-0.0022722564
-0.087675028 0.094981283
1

2
0 0 1 2 1
1 0 1 2 -1
0.078063495
-0.00037881031
0.081186034 -0.074940957
-1

2
15 16 2 2 1
15 18 2 2 -1
0.078303233
0.00038340018
0.08143536 -0.075171098
-1

3
8 16 12 4 1
14 16 6 2 -2
8 18 6 2 -2
0.076208912
-0.0018451582
0.079257265 -0.073160551
-1

2
3 9 2 1 1
3 10 2 1 -1
0.081769109
5.0758514e-005
-0.078498341 0.085039869
1

3
3 7 6 6 1
6 7 3 3 -2
3 10 3 3 -2
0.075282954
-0.00011399598
0.07829427 -0.072271638
-1

3
8 17 12 2 1
14 17 6 1 -2
8 18 6 1 -2
0.0788619
0.0034888834
-0.075707421 0.082016371
1

2
4 14 6 3 1
4 17 6 3 -1
0.076818533
0.0010454883
0.079891272 -0.073745787
-1

2
5 16 2 1 1
5 17 2 1 -1
0.08578708
0.00028363263
-0.082355596 0.089218557
1

2
17 0 1 5 1
17 5 1 5 -1
0.077837408
-0.00031516899
0.080950901 -0.074723907
-1

2
0 0 1 5 1
1 0 1 5 -1
0.084627651
0.0071047475
-0.081242546 0.088012755
1

2
2 8 1 2 1
3 8 1 2 -1
0.09205769
-0.0035047263
-0.088375382 0.09573999
1

2
8 0 6 1 1
14 0 6 1 -1
0.092748627
-0.0090918979
0.096458569 -0.089038678
-1

3
0 2 20 4 1
10 2 10 2 -2
0 4 10 2 -2
0.091458783
0.026831569
0.095117129 -0.087800428
-1

2
12 15 4 5 1
16 15 4 5 -1
0.083016105
0.060440637
-0.079695456 0.086336747
1

2
6 9 5 5 1
6 14 5 5 -1
0.088645875
-0.026393039
-0.08510004 0.092191704
1

2
2 6 1 6 1
2 12 1 6 -1
0.0881669
-0.0064177704
0.091693573 -0.08464022
-1

2
1 11 3 2 1
1 13 3 2 -1
0.089958616
-8.3582279e-005
-0.086360268 0.093556955
1

2
11 12 1 2 1
11 14 1 2 -1
0.079955265
-0.0006841445
0.083153471 -0.076757051
-1

3
14 6 2 12 1
15 6 1 6 -2
14 12 1 6 -2
0.078205936
-0.0023040646
-0.075077698 0.081334174
1

2
8 7 1 1 1
9 7 1 1 -1
0.080068983
-0.00012933712
0.083271742 -0.076866224
-1

2
7 1 2 7 1
9 1 2 7 -1
0.084977031
0.0076400805
-0.081577949 0.088376112
1

2
4 5 5 1 1
9 5 5 1 -1
0.084236838
0.0071152057
0.087606311 -0.080867365
-1

2
6 12 6 8 1
12 12 6 8 -1
0.092306279
0.10262203
-0.088614024 0.095998526
1

2
8 0 1 1 1
9 0 1 1 -1
0.084968731
0.00099109393
0.088367477 -0.081569977
-1

2
17 0 3 10 1
17 10 3 10 -1
0.090223633
-0.074438773
0.093832575 -0.086614683
-1

3
9 14 2 6 1
10 14 1 3 -2
9 17 1 3 -2
0.085375659
-0.0034183203
-0.081960633 0.088790685
1

2
11 4 3 3 1
11 7 3 3 -1
0.088748552
0.0055081607
-0.085198611 0.092298493
1

2
12 6 2 1 1
12 7 2 1 -1
0.086604483
-0.00015468268
0.090068661 -0.083140299
-1

2
3 4 3 4 1
6 4 3 4 -1
0.075238757
-0.0021309899
-0.072229207 0.078248307
1

3
4 3 4 2 1
6 3 2 1 -2
4 4 2 1 -2
0.07958518
0.0025288993
-0.07640177 0.082768582
1

3
12 5 6 10 1
15 5 3 5 -2
12 10 3 5 -2
0.084009446
0.013375061
0.087369822 -0.080649063
-1

2
11 4 1 3 1
12 4 1 3 -1
0.077613316
-0.0011091293
0.080717847 -0.074508779
-1

2
11 2 1 2 1
12 2 1 2 -1
0.086861365
4.8302551e-005
-0.083386905 0.090335816
1

2
15 17 1 3 1
16 17 1 3 -1
0.078845203
0.00028973655
0.081999011 -0.075691395
-1

2
17 19 3 1 1
18 19 1 1 -2
0.079920016
0.0023767599
0.083116814 -0.076723211
-1

2
15 0 5 12 1
15 4 5 4 -2
0.085089512
0.090649441
-0.08168593 0.088493086
1

2
4 14 14 2 1
4 16 14 2 -1
0.07284797
0.0058013718
0.075761884 -0.069934048
-1

2
12 16 3 1 1
12 17 3 1 -1
0.079848126
0.001090136
-0.076654196 0.083042048
1

3
14 16 2 2 1
15 16 1 1 -2
14 17 1 1 -2
0.074923143
-0.00020150379
0.077920064 -0.071926214
-1

2
10 5 4 2 1
14 5 4 2 -1
0.082520641
-0.0076567437
-0.079219811 0.085821465
1

2
8 2 2 3 1
10 2 2 3 -1
0.085538641
0.0084072426
-0.082117096 0.088960186
1

2
10 18 1 2 1
11 18 1 2 -1
0.082835943
-5.224959e-005
0.08614938 -0.079522505
-1

2
2 14 16 2 1
2 16 16 2 -1
0.077448495
-0.011900799
-0.074350551 0.080546431
1

2
2 8 3 6 1
2 14 3 6 -1
0.085818052
-0.0095869415
0.089250773 -0.082385331
-1

2
0 6 15 1 1
5 6 5 1 -2
0.087532744
0.049075767
0.091034047 -0.084031433
-1

3
16 8 4 12 1
18 8 2 6 -2
16 14 2 6 -2
0.089308783
0.036699213
-0.085736431 0.092881128
1

2
13 0 1 3 1
14 0 1 3 -1
0.085809171
-0.0027034814
-0.0823768 0.089241534
1

2
12 9 1 1 1
13 9 1 1 -1
0.090431452
0.00049958826
-0.086814195 0.094048709
1

3
1 14 14 6 1
8 14 7 3 -2
1 17 7 3 -2
0.075191528
0.0050027864
-0.072183862 0.078199185
1

3
0 16 18 2 1
9 16 9 1 -2
0 17 9 1 -2
0.082941182
0.0074511673
0.086258829 -0.079623535
-1

2
5 4 1 1 1
6 4 1 1 -1
0.091711491
0.0005431532
-0.088043027 0.095379949
1

3
13 3 2 6 1
14 3 1 3 -2
13 6 1 3 -2
0.0734495
0.00040043666
0.07638748 -0.07051152
-1

3
2 4 2 2 1
3 4 1 1 -2
2 5 1 1 -2
0.072675847
0.00018078359
-0.069768809 0.075582877
1

2
2 0 1 19 1
3 0 1 19 -1
0.074007601
0.00053305418
0.076967902 -0.071047299
-1

2
5 8 9 1 1
8 8 3 1 -2
0.076761432
0.013578449
0.079831883 -0.073690973
-1

2
1 6 6 9 1
3 6 2 9 -2
0.089263611
0.081681244
-0.085693061 0.092834152
1

2
7 13 6 4 1
13 13 6 4 -1
0.076079562
-0.039600551
0.079122745 -0.07303638
-1

2
15 0 2 4 1
15 4 2 4 -1
0.090417176
0.0026945015
0.09403386 -0.086800486
-1

3
16 2 2 2 1
17 2 1 1 -2
16 3 1 1 -2
0.076913498
0.00061917194
-0.07383696 0.079990037
1

3
13 6 2 12 1
14 6 1 6 -2
13 12 1 6 -2
0.071918234
0.0019408804
0.074794963 -0.069041505
-1

3
11 8 6 12 1
14 8 3 6 -2
11 14 3 6 -2
0.081435971
0.018388081
-0.078178532 0.08469341
1

2
17 13 1 1 1
17 14 1 1 -1
0.084652111
-0.00016445132
-0.081266023 0.088038191
1

2
15 9 1 1 1
16 9 1 1 -1
0.075387128
0.00032907099
-0.072371639 0.078402609
1

3
3 4 2 8 1
4 4 1 4 -2
3 8 1 4 -2
0.072903194
-0.00056637247
-0.069987066 0.075819321
1

3
4 8 2 2 1
5 8 1 1 -2
4 9 1 1 -2
0.076278299
-0.0001043543
0.079329431 -0.073227167
-1

2
1 1 18 4 1
7 1 6 4 -2
0.07316386
0.058415681
0.07609041 -0.070237301
-1

2
7 3 5 1 1
12 3 5 1 -1
0.09001518
0.0065611089
0.093615785 -0.086414568
-1

3
4 2 4 2 1
6 2 2 1 -2
4 3 2 1 -2
0.083270036
0.0011224918
-0.079939231 0.086600833
1

3
4 5 2 8 1
5 5 1 4 -2
4 9 1 4 -2
0.080451958
-0.0025061863
-0.077233881 0.083670035
1

2
7 5 1 1 1
8 5 1 1 -1
0.083173603
0.00025368598
-0.079846658 0.08650054
1

3
16 0 2 14 1
17 0 1 7 -2
16 7 1 7 -2
0.073688842
0.00065699883
0.076636396 -0.070741288
-1

2
6 10 8 1 1
6 11 8 1 -1
0.074334882
0.0065740068
-0.071361482 0.077308275
1

2
7 3 1 17 1
8 3 1 17 -1
0.079129249
0.007154814
0.082294419 -0.075964078
-1

3
0 3 2 8 1
1 3 1 4 -2
0 7 1 4 -2
0.085961416
-0.0051291655
0.089399867 -0.082522959
-1

2
8 2 8 5 1
8 7 8 5 -1
0.081380151
-0.064520471
-0.07812494 0.084635355
1

3
3 4 6 6 1
6 4 3 3 -2
3 7 3 3 -2
0.080565773
-0.015448294
0.083788402 -0.077343144
-1

2
18 4 2 2 1
18 6 2 2 -1
0.078039169
-6.5174463e-005
0.081160732 -0.0749176
-1

2
4 8 2 2 1
6 8 2 2 -1
0.076035179
-0.003311032
0.079076581 -0.07299377
-1

3
1 2 10 4 1
6 2 5 2 -2
1 4 5 2 -2
0.088751197
0.016351538
0.092301242 -0.085201144
-1

3
17 4 2 2 1
18 4 1 1 -2
17 5 1 1 -2
0.087343439
-0.0010916487
0.090837173 -0.083849698
-1

2
1 8 1 3 1
1 11 1 3 -1
0.079946376
-0.00028875776
-0.07674852 0.083144225
1

2
0 0 10 17 1
10 0 10 17 -1
0.082621299
0.29445222
-0.079316445 0.085926145
1

2
5 5 5 1 1
10 5 5 1 -1
0.084649093
0.0087800696
0.088035055 -0.081263125
-1

3
5 1 6 10 1
8 1 3 5 -2
5 6 3 5 -2
0.087433368
0.0198009
-0.083936028 0.0909307
1

3
3 5 6 8 1
6 5 3 4 -2
3 9 3 4 -2
0.084260255
0.0028803102
0.087630659 -0.080889843
-1

2
8 1 2 1 1
8 2 2 1 -1
0.074274316
0.00077136816
-0.071303345 0.077245288
1

2
4 1 10 1 1
4 2 10 1 -1
0.080683105
0.0016669312
0.083910428 -0.077455781
-1

2
6 0 2 3 1
6 3 2 3 -1
0.071367055
0.00049431826
-0.068512373 0.074221738
1

3
18 4 2 8 1
19 4 1 4 -2
18 8 1 4 -2
0.07839369
0.006145345
-0.075257942 0.081529438
1

2
0 9 1 1 1
0 10 1 1 -1
0.082093626
0.00045998849
0.085377365 -0.07880988
-1

2
8 9 2 1 1
10 9 2 1 -1
0.080594279
0.0015003653
-0.07737051 0.083818048
1

2
4 7 2 2 1
4 9 2 2 -1
0.072908349
0.0010866189
-0.069992013 0.075824678
1

2
1 7 3 1 1
1 8 3 1 -1
0.076021358
0.0017360969
0.079062209 -0.072980501
-1

2
1 5 7 7 1
1 12 7 7 -1
0.088125877
0.0035645696
0.091650911 -0.084600843
-1

2
6 16 1 2 1
7 16 1 2 -1
0.070866264
-5.8384259e-005
0.073700912 -0.068031609
-1

3
0 4 2 10 1
1 4 1 5 -2
0 9 1 5 -2
0.0720402
0.0016892921
-0.069158591 0.074921809
1

2
11 4 2 1 1
11 5 2 1 -1
0.076767206
1.0410133e-005
0.079837888 -0.073696516
-1

2
0 0 3 10 1
0 10 3 10 -1
0.076314479
0.073081754
-0.073261902 0.079367056
1

2
2 15 4 1 1
2 16 4 1 -1
0.092503525
0.0046365354
0.096203662 -0.088803381
-1

2
0 0 10 1 1
10 0 10 1 -1
0.085754238
-0.02967751
0.089184403 -0.082324065
-1

2
7 14 1 2 1
8 14 1 2 -1
0.086998418
-0.0018553834
-0.083518483 0.090478353
1

3
2 10 12 2 1
8 10 6 1 -2
2 11 6 1 -2
0.08398506
0.0028480799
-0.080625653 0.08734446
1

3
6 10 6 2 1
9 10 3 1 -2
6 11 3 1 -2
0.072164863
-0.0014783256
0.075051457 -0.06927827
-1

3
7 4 6 2 1
10 4 3 1 -2
7 5 3 1 -2
0.080154955
0.0033587057
0.083361149 -0.076948754
-1

3
15 3 2 2 1
16 3 1 1 -2
15 4 1 1 -2
0.078117386
0.00099114375
-0.074992687 0.081242077
1

2
16 0 2 1 1
16 1 2 1 -1
0.074482039
0.00079312024
0.077461317 -0.071502753
-1

3
10 0 8 2 1
14 0 4 1 -2
10 1 4 1 -2
0.075913012
-0.00049597077
0.078949526 -0.072876491
-1

2
0 16 1 4 1
1 16 1 4 -1
0.074234702
-0.00020398166
-0.07126531 0.077204086
1

3
5 1 6 2 1
8 1 3 1 -2
5 2 3 1 -2
0.067160733
0.0030907339
-0.0644743 0.069847159
1

2
11 10 1 4 1
11 14 1 4 -1
0.086965255
-0.0066477489
-0.083486646 0.090443864
1

2
3 3 8 1 1
3 4 8 1 -1
0.083060481
-0.0095614092
0.086382896 -0.079738058
-1

3
11 6 6 8 1
14 6 3 4 -2
11 10 3 4 -2
0.07967779
-0.0065709567
-0.076490678 0.082864895
1

3
0 5 2 2 1
1 5 1 1 -2
0 6 1 1 -2
0.076211311
0.00064063317
-0.073162854 0.079259761
1

2
9 0 2 10 1
9 10 2 10 -1
0.078356743
0.030395055
0.081491008 -0.07522247
-1

2
10 4 1 2 1
11 4 1 2 -1
0.076931283
0.0028847444
-0.073854029 0.080008529
1

3
8 14 2 6 1
9 14 1 3 -2
8 17 1 3 -2
0.08146666
0.0015693848
0.08472532 -0.078207992
-1

2
2 9 2 4 1
4 9 2 4 -1
0.080000825
-0.0057139522
0.083200857 -0.076800793
-1

2
2 17 1 2 1
3 17 1 2 -1
0.075581938
-0.0001792385
-0.072558656 0.078605212
1

2
0 16 9 3 1
3 16 3 3 -2
0.072719038
0.027882991
0.075627796 -0.069810271
-1

2
0 2 10 12 1
0 6 10 4 -2
0.086148791
0.13411899
-0.082702838 0.089594737
1

2
10 10 1 3 1
10 11 1 1 -2
0.079950139
0.0047926428
0.083148144 -0.076752134
-1

2
17 10 2 2 1
17 12 2 2 -1
0.072426379
0.0012254514
-0.069529325 0.075323433
1

2
16 12 3 1 1
16 13 3 1 -1
0.074908823
0.0024863111
0.077905171 -0.071912467
-1

2
1 5 7 3 1
1 6 7 1 -2
0.087445483
0.0051182616
0.090943299 -0.083947659
-1

2
8 14 1 6 1
8 16 1 2 -2
0.092874669
0.0032679064
-0.089159682 0.096589655
1

3
11 3 4 8 1
13 3 2 4 -2
11 7 2 4 -2
0.07525757
0.016975792
-0.072247267 0.078267872
1

3
3 0 2 14 1
4 0 1 7 -2
3 7 1 7 -2
0.080517776
0.0077803219
0.083738483 -0.077297062
-1

2
4 1 12 18 1
4 7 12 6 -2
0.090619795
0.032010242
0.094244584 -0.086994998
-1

2
9 14 2 4 1
11 14 2 4 -1
0.089629397
0.013938031
0.093214571 -0.086044222
-1

3
1 12 10 8 1
6 12 5 4 -2
1 16 5 4 -2
0.089040391
-0.035364807
0.092602007 -0.085478775
-1

2
6 5 2 1 1
6 6 2 1 -1
0.079127468
-6.61253e-005
0.082292564 -0.075962365
-1

2
3 6 2 4 1
5 6 2 4 -1
0.07417731
3.28924e-005
-0.071210213 0.077144399
1

2
0 0 6 14 1
6 0 6 14 -1
0.075913474
-0.073979147
0.07895001 -0.07287693
-1

2
13 1 4 6 1
13 7 4 6 -1
0.073513567
-0.030513324
-0.070573024 0.07645411
1

3
4 12 16 8 1
12 12 8 4 -2
4 16 8 4 -2
0.078082971
-0.01578049
0.081206284 -0.074959651
-1

2
10 15 10 2 1
10 17 10 2 -1
0.07312838
0.0076146959
0.076053515 -0.070203245
-1

2
5 17 9 1 1
5 18 9 1 -1
0.079549447
0.004764752
-0.076367468 0.082731418
1

3
5 4 2 2 1
6 4 1 1 -2
5 5 1 1 -2
0.070226602
-0.00067143596
0.073035665 -0.06741754
-1

2
3 0 1 3 1
4 0 1 3 -1
0.077550896
-0.0029659583
-0.074448861 0.08065293
1

3
5 12 8 2 1
9 12 4 1 -2
5 13 4 1 -2
0.077223666
-0.0032213153
0.08031261 -0.074134715
-1

3
5 10 6 6 1
8 10 3 3 -2
5 13 3 3 -2
0.079918593
-0.0067096464
-0.076721847 0.083115332
1

2
12 12 4 1 1
16 12 4 1 -1
0.080688991
-0.011302948
0.083916545 -0.077461429
-1

2
11 0 3 2 1
11 2 3 2 -1
0.085855156
-0.00042758248
-0.082420945 0.08928936
1

2
6 0 7 6 1
13 0 7 6 -1
0.074889377
0.080534935
-0.071893804 0.07788495
1

3
13 2 4 12 1
15 2 2 6 -2
13 8 2 6 -2
0.074040242
0.0018524197
0.077001847 -0.071078628
-1

2
16 2 2 3 1
18 2 2 3 -1
0.071580485
-0.00035044702
0.074443698 -0.068717264
-1

2
17 0 1 2 1
18 0 1 2 -1
0.077723585
4.0111794e-005
-0.074614637 0.080832526
1

3
4 8 2 4 1
5 8 1 2 -2
4 10 1 2 -2
0.069967456
-5.3575532e-005
0.072766155 -0.067168757
-1

3
17 1 2 2 1
18 1 1 1 -2
17 2 1 1 -2
0.072910979
-0.00088287587
0.075827412 -0.069994539
-1

2
9 5 9 1 1
12 5 3 1 -2
0.086636312
0.029429207
0.090101764 -0.083170861
-1

3
13 3 2 6 1
14 3 1 3 -2
13 6 1 3 -2
0.079112351
0.0041997987
-0.075947858 0.082276843
1

3
9 18 2 2 1
10 18 1 1 -2
9 19 1 1 -2
0.073780186
-0.00047954655
-0.070828974 0.076731391
1

2
11 1 1 3 1
11 4 1 3 -1
0.077482648
-0.0034975375
0.080581948 -0.074383341
-1

2
10 5 1 3 1
10 8 1 3 -1
0.071826711
0.0031922788
0.074699774 -0.068953641
-1

2
8 14 4 1 1
8 15 4 1 -1
0.078962691
-0.0018650021
0.082121193 -0.075804181
-1

2
4 14 3 1 1
4 15 3 1 -1
0.073305495
0.00016172884
-0.070373274 0.076237716
1

2
8 3 1 3 1
9 3 1 3 -1
0.071065843
-0.0019066648
0.073908471 -0.068223208
-1

2
10 3 3 17 1
13 3 3 17 -1
0.072982684
0.015488888
0.075901985 -0.070063375
-1

2
8 3 1 3 1
9 3 1 3 -1
0.076572448
0.0022975504
-0.073509552 0.079635344
1

2
1 14 4 1 1
1 15 4 1 -1
0.081502616
0.0033338605
0.084762715 -0.078242511
-1

2
19 7 1 9 1
19 10 1 3 -2
0.080117024
0.0052836812
0.083321705 -0.076912344
-1

2
0 7 10 1 1
0 8 10 1 -1
0.073292367
-0.0033055139
-0.070360668 0.076224059
1

3
2 4 2 2 1
3 4 1 1 -2
2 5 1 1 -2
0.081935443
-0.00050056382
0.085212857 -0.078658022
-1

2
8 6 1 1 1
9 6 1 1 -1
0.06984017
-4.9703969e-005
0.072633773 -0.06704656
-1

2
12 10 1 9 1
13 10 1 9 -1
0.070590682
-0.00061817566
-0.067767054 0.073414303
1

3
6 12 6 2 1
9 12 3 1 -2
6 13 3 1 -2
0.074570313
0.0022597886
-0.071587496 0.077553123
1

3
2 6 16 2 1
10 6 8 1 -2
2 7 8 1 -2
0.07943403
-0.0037432439
-0.07625667 0.082611389
1

2
7 6 1 1 1
7 7 1 1 -1
0.074830212
-4.1288418e-005
0.077823415 -0.071837001
-1

3
11 13 4 2 1
13 13 2 1 -2
11 14 2 1 -2
0.075726219
-0.0014633798
0.078755267 -0.07269717
-1

2
14 13 3 1 1
14 14 3 1 -1
0.075748861
0.0025976868
0.078778811 -0.072718903
-1

2
0 2 1 18 1
0 8 1 6 -2
0.087486513
0.0056894426
0.090985969 -0.08398705
-1

2
3 4 15 8 1
8 4 5 8 -2
0.082488701
0.22772264
-0.079189152 0.085788243
1

2
9 11 1 3 1
9 12 1 1 -2
0.073634885
0.0051792883
0.076580279 -0.070689492
-1

2
1 5 9 7 1
4 5 3 7 -2
0.075221829
0.10588308
-0.072212957 0.078230701
1

2
3 1 12 1 1
7 1 4 1 -2
0.07576064
0.0084427707
0.07879106 -0.072730213
-1

2
2 2 1 3 1
2 5 1 3 -1
0.080086917
-0.0081936661
-0.076883435 0.083290391
1

3
3 16 4 4 1
5 16 2 2 -2
3 18 2 2 -2
0.084197909
-0.0058675245
0.087565824 -0.080829993
-1

2
12 14 1 4 1
13 14 1 4 -1
0.076251231
0.0036356265
0.079301275 -0.07320118
-1

3
18 15 2 4 1
19 15 1 2 -2
18 17 1 2 -2
0.08829391
0.0047593135
-0.084762149 0.091825664
1

2
7 10 1 3 1
7 13 1 3 -1
0.088831395
0.005531434
0.092384644 -0.085278139
-1

3
12 2 8 18 1
16 2 4 9 -2
12 11 4 9 -2
0.080943443
0.048786219
-0.077705704 0.084181175
1

2
7 10 13 4 1
7 14 13 4 -1
0.080790371
0.0028486138
-0.077558756 0.084021986
1

2
10 7 4 6 1
10 13 4 6 -1
0.079201646
0.0079587568
0.082369708 -0.076033577
-1

2
7 5 7 6 1
7 11 7 6 -1
0.07067892
0.019804668
-0.067851759 0.073506072
1

2
1 1 2 1 1
3 1 2 1 -1
0.074481376
-0.0022182718
0.077460624 -0.071502119
-1

3
2 16 14 4 1
9 16 7 2 -2
2 18 7 2 -2
0.075123213
-0.0014834335
-0.072118282 0.078128137
1

3
5 6 10 6 1
10 6 5 3 -2
5 9 5 3 -2
0.067762069
0.007532313
0.070472546 -0.065051585
-1

2
5 12 4 1 1
9 12 4 1 -1
0.073905244
-0.0071667363
0.076861449 -0.070949033
-1

3
8 0 12 4 1
14 0 6 2 -2
8 2 6 2 -2
0.07845667
0.033647589
0.081594937 -0.075318404
-1

3
0 4 4 8 1
2 4 2 4 -2
0 8 2 4 -2
0.082266279
0.010506871
-0.078975625 0.085556924
1

2
0 0 11 1 1
0 1 11 1 -1
0.072496712
-0.00024762389
-0.069596842 0.075396575
1

3
0 18 10 2 1
5 18 5 1 -2
0 19 5 1 -2
0.074560814
0.0036009445
-0.071578376 0.077543244
1

3
7 14 2 6 1
8 14 1 3 -2
7 17 1 3 -2
0.075065866
0.0018602667
0.078068495 -0.07206323
-1

2
12 18 1 1 1
12 19 1 1 -1
0.080443077
0.00039384357
-0.07722535 0.083660796
1

3
10 11 2 2 1
11 11 1 1 -2
10 12 1 1 -2
0.067120291
-0.00037883461
0.069805101 -0.064435475
-1

3
11 15 2 4 1
12 15 1 2 -2
11 17 1 2 -2
0.073729731
0.0018370306
0.076678917 -0.070780538
-1

