44
60
0
1
190
28
2
16 0 2 13 1
18 0 2 13 -1
0.61498785
0.03143191
-0.51658982 0.71338588
1

2
2 0 15 1 1
2 1 15 1 -1
0.49241582
0.01102394
-0.41362929 0.57120234
1

2
7 14 7 6 1
7 16 7 2 -2
0.5019086
0.088264465
0.58221394 -0.42160323
-1

2
3 4 14 2 1
3 6 14 2 -1
0.49279934
-0.020032668
0.57164723 -0.41395146
-1

2
0 0 4 1 1
4 0 4 1 -1
0.45356575
-0.0071295649
0.52613628 -0.38099524
-1

2
5 1 3 5 1
8 1 3 5 -1
0.32095578
-0.012858188
0.3723087 -0.26960286
-1

2
19 17 1 3 1
19 18 1 1 -2
0.27563804
0.0040949271
0.31974012 -0.23153597
-1

3
12 0 8 6 1
16 0 4 3 -2
12 3 4 3 -2
0.31493515
0.0007174206
-0.26454553 0.36532477
1

2
7 3 11 2 1
7 5 11 2 -1
0.28493032
-0.012894916
0.33051917 -0.23934148
-1

2
7 0 9 6 1
7 6 9 6 -1
0.25001681
-0.080344878
-0.21001413 0.29001948
1

2
4 4 12 1 1
8 4 4 1 -2
0.34262648
0.0015264062
0.39744672 -0.28780624
-1

2
3 2 14 5 1
3 7 14 5 -1
0.31176564
0.012678402
0.36164814 -0.26188314
-1

2
0 0 2 16 1
2 0 2 16 -1
0.32460111
-0.032053422
0.37653729 -0.27266493
-1

2
4 0 8 8 1
4 8 8 8 -1
0.26982722
-0.068543762
-0.22665487 0.31299958
1

2
0 4 3 16 1
3 4 3 16 -1
0.29514235
0.056037549
-0.24791959 0.34236512
1

2
0 4 5 2 1
0 6 5 2 -1
0.27914572
-0.00018503636
0.32380903 -0.23448241
-1

2
7 17 7 1 1
7 18 7 1 -1
0.28386119
0.0038392036
-0.2384434 0.32927898
1

2
12 12 3 6 1
12 14 3 2 -2
0.27291605
0.051819876
0.31658262 -0.22924949
-1

2
16 8 2 12 1
18 8 2 12 -1
0.25508374
-0.033217061
0.29589713 -0.21427035
-1

2
15 3 5 3 1
15 6 5 3 -1
0.30184036
-0.0018689432
0.35013482 -0.25354591
-1

2
6 0 8 2 1
6 2 8 2 -1
0.2328444
0.010485236
-0.1955893 0.27009949
1

2
8 2 3 11 1
9 2 1 11 -2
0.22341634
0.074235186
0.25916296 -0.18766974
-1

2
5 11 8 1 1
5 12 8 1 -1
0.24841517
0.0048076916
-0.20866875 0.28816161
1

3
4 5 14 12 1
11 5 7 6 -2
4 11 7 6 -2
0.25217289
-0.043351091
-0.21182524 0.29252055
1

2
7 16 6 1 1
7 17 6 1 -1
0.26583058
0.0040351623
-0.2232977 0.30836347
1

3
2 6 16 8 1
10 6 8 4 -2
2 10 8 4 -2
0.22628336
0.030696869
0.26248869 -0.19007802
-1

2
16 10 2 10 1
18 10 2 10 -1
0.27525195
0.019097788
-0.23121165 0.31929225
1

3
0 0 18 8 1
9 0 9 4 -2
0 4 9 4 -2
0.21596906
0.034739751
0.2505241 -0.18141401
-1

2
7 4 9 2 1
10 4 3 2 -2
0.24350704
0.0017297399
0.28246817 -0.20454593
-1

2
9 0 1 1 1
10 0 1 1 -1
0.26781937
-0.00080907124
-0.22496828 0.31067047
1

2
10 1 1 8 1
11 1 1 8 -1
0.22204019
0.0045504649
-0.18651377 0.2575666
1

2
0 13 1 1 1
0 14 1 1 -1
0.22232394
-0.00033967409
-0.18675211 0.25789577
1

2
2 4 9 1 1
2 5 9 1 -1
0.21290684
-0.0045042853
0.24697192 -0.17884175
-1

2
0 0 10 20 1
10 0 10 20 -1
0.2159218
-0.38758999
0.2504693 -0.18137433
-1

3
0 2 20 12 1
10 2 10 6 -2
0 8 10 6 -2
0.25432518
0.086878888
0.29501721 -0.21363316
-1

2
8 2 1 7 1
9 2 1 7 -1
0.22387247
0.0050048302
-0.18805288 0.25969204
1

2
11 0 1 1 1
12 0 1 1 -1
0.23004881
-0.00058004615
-0.193241 0.26685661
1

2
8 3 2 6 1
10 3 2 6 -1
0.2133777
-0.016620869
0.24751812 -0.17923728
-1

2
0 13 1 1 1
0 14 1 1 -1
0.22348832
0.00044425204
0.25924644 -0.18773019
-1

2
0 4 3 1 1
3 4 3 1 -1
0.2018054
0.0043450557
-0.16951653 0.23409426
1

2
2 12 1 1 1
2 13 1 1 -1
0.21553305
-0.00056749885
-0.18104777 0.25001833
1

2
0 1 1 19 1
1 1 1 19 -1
0.23473543
0.015552402
-0.19717777 0.27229309
1

2
9 0 1 1 1
10 0 1 1 -1
0.22904223
0.0010211985
0.26568899 -0.19239548
-1

2
0 1 2 3 1
2 1 2 3 -1
0.25937513
-0.0053485553
0.30087513 -0.21787511
-1

