133
585
20
2.85312
86
60
3
4 1 8 12 1
8 1 4 6 -2
4 7 4 6 -2
0.57757175
-0.049546901
0.62377751 -0.53136599
-1

2
13 1 7 4 1
13 5 7 4 -1
0.34582189
-0.03053903
0.37348765 -0.31815615
-1

2
11 1 6 13 1
13 1 2 13 -2
0.27818379
0.15778655
-0.25592908 0.30043849
1

2
14 3 1 1 1
14 4 1 1 -1
0.23140147
0.00048506857
-0.21288936 0.2499136
1

2
3 0 13 5 1
3 5 13 5 -1
0.22035238
-0.0016598016
0.23798057 -0.20272419
-1

2
6 15 7 3 1
13 15 7 3 -1
0.22939369
0.028784323
-0.2110422 0.2477452
1

2
2 0 1 1 1
3 0 1 1 -1
0.20791213
-0.00035346867
0.22454511 -0.19127916
-1

3
6 5 14 6 1
13 5 7 3 -2
6 8 7 3 -2
0.19328947
0.00032151409
-0.17782632 0.20875265
1

2
0 1 1 6 1
0 3 1 2 -2
0.18171531
0.0060987044
0.19625254 -0.16717809
-1

2
9 1 4 9 1
9 10 4 9 -1
0.20172279
0.056536838
0.21786062 -0.18558496
-1

2
10 3 1 1 1
11 3 1 1 -1
0.18106002
0.00065373397
-0.16657522 0.19554482
1

2
8 17 2 1 1
8 18 2 1 -1
0.15249388
0.00076599105
-0.14029437 0.1646934
1

2
0 15 4 3 1
4 15 4 3 -1
0.16100051
5.7057525e-005
-0.14812046 0.17388055
1

2
4 0 2 1 1
6 0 2 1 -1
0.14684227
-0.00082998141
0.15858966 -0.1350949
-1

2
11 17 3 1 1
12 17 1 1 -2
0.14712262
0.0079789981
0.15889244 -0.13535282
-1

2
3 4 6 2 1
5 4 2 2 -2
0.19916476
0.0028054267
0.21509795 -0.18323159
-1

2
17 0 3 2 1
17 2 3 2 -1
0.17826408
0.0086810077
0.19252522 -0.16400295
-1

3
18 3 2 14 1
19 3 1 7 -2
18 10 1 7 -2
0.1694126
0.0059522456
-0.15585959 0.18296561
1

2
9 0 6 1 1
9 1 6 1 -1
0.15096809
0.0018219415
-0.13889064 0.16304554
1

2
19 17 1 3 1
19 18 1 1 -2
0.14748248
0.0019221401
0.15928109 -0.13568389
-1

2
10 9 6 3 1
10 12 6 3 -1
0.16145699
-0.0016093588
-0.14854044 0.17437355
1

2
12 17 4 3 1
16 17 4 3 -1
0.16169667
-0.02503789
0.17463242 -0.14876094
-1

2
15 7 1 4 1
15 11 1 4 -1
0.17194261
0.0086243544
0.18569802 -0.1581872
-1

3
10 8 4 2 1
12 8 2 1 -2
10 9 2 1 -2
0.16603929
-0.00089464575
0.17932244 -0.15275615
-1

2
1 5 15 1 1
1 6 15 1 -1
0.14965862
-0.0066785798
0.16163132 -0.13768594
-1

2
0 0 7 20 1
7 0 7 20 -1
0.14942133
0.25302631
-0.13746762 0.16137505
1

2
10 0 2 1 1
12 0 2 1 -1
0.17373717
0.0039899158
0.18763615 -0.1598382
-1

2
8 3 1 2 1
9 3 1 2 -1
0.16226409
-0.0014645192
0.17524523 -0.14928296
-1

2
2 8 6 1 1
2 9 6 1 -1
0.1334177
0.001041802
-0.12274428 0.14409111
1

2
3 13 5 2 1
3 15 5 2 -1
0.13565904
4.1294679e-005
-0.12480631 0.14651176
1

3
10 3 4 8 1
12 3 2 4 -2
10 7 2 4 -2
0.13928655
-0.0090990802
0.15042947 -0.12814362
-1

2
9 1 8 2 1
9 3 8 2 -1
0.15408953
-0.007560933
-0.14176236 0.16641669
1

2
3 0 4 9 1
3 3 4 3 -2
0.1453952
0.024061671
0.15702683 -0.1337636
-1

2
8 15 1 2 1
9 15 1 2 -1
0.17277819
-0.0024404672
-0.15895593 0.18660045
1

3
5 3 4 2 1
7 3 2 1 -2
5 4 2 1 -2
0.15904307
0.0017610863
-0.14631963 0.17176652
1

2
16 12 1 1 1
16 13 1 1 -1
0.1414161
3.6078491e-005
-0.13010281 0.15272939
1

3
2 2 4 2 1
4 2 2 1 -2
2 3 2 1 -2
0.13414972
-0.0006587684
0.1448817 -0.12341774
-1

2
0 1 18 4 1
6 1 6 4 -2
0.12291153
0.058305684
0.13274446 -0.11307861
-1

2
11 8 7 3 1
11 11 7 3 -1
0.14681849
-0.0026064157
-0.13507301 0.15856397
1

2
0 1 16 18 1
0 7 16 6 -2
0.15685192
0.48708266
-0.14430377 0.16940008
1

2
0 0 10 12 1
10 0 10 12 -1
0.13316466
-0.2016951
0.14381784 -0.12251149
-1

3
1 9 18 6 1
10 9 9 3 -2
1 12 9 3 -2
0.17963332
-0.025987217
-0.16526265 0.194004
1

2
11 6 9 9 1
14 6 3 9 -2
0.14877106
0.040659025
0.16067275 -0.13686939
-1

2
6 14 1 4 1
7 14 1 4 -1
0.1673716
-0.0046398505
-0.15398188 0.18076134
1

3
16 14 4 6 1
18 14 2 3 -2
16 17 2 3 -2
0.16414781
-0.0049816016
0.17727964 -0.15101598
-1

2
4 8 3 3 1
5 8 1 3 -2
0.12742852
0.026939202
0.1376228 -0.11723424
-1

3
12 3 2 2 1
13 3 1 1 -2
12 4 1 1 -2
0.14480397
0.00087393908
-0.13321966 0.1563883
1

2
14 15 2 1 1
14 16 2 1 -1
0.11820422
0.0003142973
-0.10874788 0.12766056
1

2
17 8 1 1 1
17 9 1 1 -1
0.12174368
0.0011933692
0.13148318 -0.11200418
-1

2
4 3 12 3 1
8 3 4 3 -2
0.15318531
0.00037125056
0.16544014 -0.14093049
-1

3
0 16 18 2 1
9 16 9 1 -2
0 17 9 1 -2
0.13604414
0.0097464183
0.14692768 -0.12516062
-1

2
10 3 1 2 1
11 3 1 2 -1
0.15440056
-0.0011930572
0.16675261 -0.14204851
-1

2
1 0 1 1 1
2 0 1 1 -1
0.1291019
-0.00010713872
0.13943006 -0.11877375
-1

3
6 3 14 2 1
13 3 7 1 -2
6 4 7 1 -2
0.11643482
-0.00014117881
0.12574962 -0.10712004
-1

2
13 7 5 1 1
13 8 5 1 -1
0.12320422
0.00041847906
-0.11334789 0.13306056
1

2
9 11 3 4 1
9 15 3 4 -1
0.12435704
0.0062514474
0.13430561 -0.11440849
-1

2
8 9 1 1 1
9 9 1 1 -1
0.12770893
-0.0004883082
0.13792564 -0.11749221
-1

2
12 8 3 4 1
12 12 3 4 -1
0.12908961
0.00031584912
-0.11876244 0.13941678
1

2
0 13 9 7 1
9 13 9 7 -1
0.1435384
0.15930237
-0.13205533 0.15502147
1

2
5 0 2 20 1
7 0 2 20 -1
0.1480691
0.027045852
0.15991463 -0.13622357
-1

2
9 4 1 1 1
10 4 1 1 -1
0.14576483
-0.0009775674
0.15742601 -0.13410364
-1

2
4 2 5 5 1
9 2 5 5 -1
0.13533686
-0.025359578
-0.12450992 0.14616382
1

3
16 1 4 14 1
18 1 2 7 -2
16 8 2 7 -2
0.13734466
-0.013412502
0.14833224 -0.12635709
-1

3
1 14 18 4 1
10 14 9 2 -2
1 16 9 2 -2
0.12801088
-0.016053921
-0.11777002 0.13825177
1

2
17 3 1 1 1
18 3 1 1 -1
0.14687169
0.00061057683
-0.13512196 0.15862143
1

2
3 1 9 7 1
3 8 9 7 -1
0.11650045
0.047642589
0.12582049 -0.10718042
-1

2
0 11 3 3 1
3 11 3 3 -1
0.15879717
0.022727683
-0.1460934 0.17150095
1

2
10 15 1 1 1
11 15 1 1 -1
0.14456686
0.0014544333
0.15613222 -0.13300152
-1

2
6 10 9 1 1
6 11 9 1 -1
0.14610457
0.0075397622
-0.13441621 0.15779294
1

2
3 0 1 1 1
4 0 1 1 -1
0.11989957
-0.00014501244
0.12949154 -0.1103076
-1

3
6 10 12 2 1
12 10 6 1 -2
6 11 6 1 -2
0.11877068
-0.0017468063
0.12827234 -0.10926903
-1

2
13 7 1 4 1
13 11 1 4 -1
0.14477216
0.0083256494
0.15635394 -0.13319039
-1

2
12 1 4 6 1
12 3 4 2 -2
0.14721809
0.011362898
0.15899555 -0.13544065
-1

2
12 14 1 6 1
13 14 1 6 -1
0.14660324
0.0050671697
0.15833151 -0.13487498
-1

3
0 4 4 10 1
2 4 2 5 -2
0 9 2 5 -2
0.14132719
0.010490148
-0.13002102 0.15263337
1

2
3 6 1 5 1
3 11 1 5 -1
0.12901078
-0.00040355333
-0.11868992 0.13933165
1

2
0 0 10 12 1
10 0 10 12 -1
0.1285373
-0.30806151
0.13882029 -0.11825432
-1

3
4 0 2 8 1
5 0 1 4 -2
4 4 1 4 -2
0.14168608
-0.0057473755
-0.1303512 0.15302098
1

2
6 16 3 1 1
6 17 3 1 -1
0.13965961
0.0014019635
-0.12848684 0.15083238
1

2
5 15 6 2 1
5 17 6 2 -1
0.12027624
-0.00056057627
0.12989834 -0.11065414
-1

2
6 1 1 19 1
7 1 1 19 -1
0.12034629
-0.0044663446
-0.11071859 0.12997399
1

3
13 3 2 2 1
14 3 1 1 -2
13 4 1 1 -2
0.13078238
0.00082156138
-0.12031979 0.14124498
1

3
1 1 18 4 1
10 1 9 2 -2
1 3 9 2 -2
0.13190509
0.02696427
0.1424575 -0.12135269
-1

2
0 19 6 1 1
6 19 6 1 -1
0.13850729
0.020388793
-0.12742671 0.14958788
1

3
0 1 18 8 1
9 1 9 4 -2
0 5 9 4 -2
0.13331671
-0.043276373
-0.12265138 0.14398205
1

2
0 1 1 1 1
1 1 1 1 -1
0.12947746
-0.00076165778
0.13983566 -0.11911926
-1

3
14 0 6 8 1
17 0 3 4 -2
14 4 3 4 -2
0.11635647
-0.0017940855
-0.10704795 0.12566499
1

2
15 11 1 2 1
16 11 1 2 -1
0.12208506
0.00026793327
-0.11231826 0.13185188
1

2
0 4 12 1 1
4 4 4 1 -2
0.11269747
0.033420794
0.12171327 -0.10368167
-1

2
4 3 12 1 1
8 3 4 1 -2
0.13619742
0.0021050251
0.14709322 -0.12530163
-1

2
1 2 18 10 1
7 2 6 10 -2
0.12692861
0.30238101
-0.11677433 0.1370829
1

2
3 0 5 1 1
8 0 5 1 -1
0.10943849
-0.00015631237
0.11819357 -0.10068341
-1

2
8 7 3 7 1
11 7 3 7 -1
0.13550743
0.018538231
-0.12466684 0.14634803
1

3
8 14 2 6 1
9 14 1 3 -2
8 17 1 3 -2
0.1338625
0.0031093867
0.1445715 -0.1231535
-1

2
0 0 10 1 1
10 0 10 1 -1
0.1369378
0.033836421
-0.12598278 0.14789283
1

2
5 8 7 4 1
5 12 7 4 -1
0.13351414
0.05251994
0.14419527 -0.12283301
-1

2
0 2 3 18 1
0 8 3 6 -2
0.14209573
0.02400538
0.15346339 -0.13072808
-1

2
7 0 2 1 1
9 0 2 1 -1
0.12987497
-0.0035141013
-0.11948498 0.14026497
1

3
3 14 2 6 1
4 14 1 3 -2
3 17 1 3 -2
0.13683952
-0.0010940311
0.14778669 -0.12589237
-1

2
11 1 1 1 1
11 2 1 1 -1
0.11709049
0.00048836455
-0.10772326 0.12645774
1

2
7 6 11 3 1
7 9 11 3 -1
0.11080386
0.012364835
-0.10193955 0.11966817
1

2
2 1 15 4 1
7 1 5 4 -2
0.11548078
0.051677078
0.12471925 -0.10624232
-1

2
1 17 2 1 1
1 18 2 1 -1
0.1201662
-0.00098251086
-0.11055291 0.1297795
1

3
10 10 8 10 1
14 10 4 5 -2
10 15 4 5 -2
0.13576123
0.023895264
-0.12490033 0.14662214
1

2
9 2 4 6 1
13 2 4 6 -1
0.12777264
0.04767317
0.13799447 -0.11755084
-1

3
18 5 2 6 1
19 5 1 3 -2
18 8 1 3 -2
0.13680212
-0.0022796851
0.14774629 -0.12585795
-1

2
1 4 3 1 1
1 5 3 1 -1
0.11492441
-9.8657918e-005
0.12411837 -0.10573046
-1

2
19 1 1 18 1
19 7 1 6 -2
0.11926278
0.010789421
0.12880382 -0.10972176
-1

2
11 1 9 16 1
14 1 3 16 -2
0.12811348
0.23424374
-0.1178644 0.13836256
1

2
16 2 4 3 1
16 5 4 3 -1
0.11967784
-0.021708976
-0.11010361 0.12925208
1

3
15 1 4 2 1
17 1 2 1 -2
15 2 2 1 -2
0.12874781
-0.00087642041
0.13904764 -0.11844798
-1

2
17 17 1 1 1
18 17 1 1 -1
0.11064193
0.00017342353
0.11949329 -0.10179058
-1

3
7 13 12 6 1
13 13 6 3 -2
7 16 6 3 -2
0.1196373
-0.006883712
0.1292083 -0.11006632
-1

3
2 2 2 2 1
3 2 1 1 -2
2 3 1 1 -2
0.10800897
-0.00039400108
0.11664969 -0.099368252
-1

2
17 15 2 1 1
17 16 2 1 -1
0.11982551
0.0011671786
0.12941156 -0.11023948
-1

2
8 19 4 1 1
12 19 4 1 -1
0.12837793
-0.0044990126
0.13864817 -0.1181077
-1

2
19 0 1 9 1
19 3 1 3 -2
0.10929653
0.010244877
0.11804026 -0.10055281
-1

3
3 0 2 10 1
4 0 1 5 -2
3 5 1 5 -2
0.12044655
-0.0034080278
-0.11081082 0.13008228
1

3
6 4 2 2 1
7 4 1 1 -2
6 5 1 1 -2
0.12382001
0.00053401204
-0.11391441 0.13372561
1

2
17 4 1 1 1
17 5 1 1 -1
0.10858545
-6.6220236e-005
0.1172723 -0.099898621
-1

3
12 1 4 2 1
14 1 2 1 -2
12 2 2 1 -2
0.10808969
-0.00098219665
0.11673687 -0.099442512
-1

2
11 14 1 3 1
12 14 1 3 -1
0.12035351
0.0036333734
0.12998179 -0.11072522
-1

2
0 0 3 9 1
3 0 3 9 -1
0.14319274
0.045394182
-0.13173732 0.15464817
1

2
7 6 4 1 1
7 7 4 1 -1
0.11976871
0.0024430042
0.12935022 -0.11018722
-1

3
0 0 6 20 1
3 0 3 10 -2
0 10 3 10 -2
0.13127244
-0.053685978
0.14177424 -0.12077064
-1

2
3 7 1 3 1
4 7 1 3 -1
0.11830571
-0.0045426064
-0.10884125 0.12777017
1

3
1 12 6 8 1
4 12 3 4 -2
1 16 3 4 -2
0.13986833
0.0165182
-0.12867887 0.15105781
1

2
4 12 1 3 1
4 15 1 3 -1
0.11963294
3.3882516e-005
-0.1100623 0.12920357
1

3
5 9 6 2 1
8 9 3 1 -2
5 10 3 1 -2
0.11714727
-0.0017438582
0.12651905 -0.10777549
-1

2
4 0 1 1 1
5 0 1 1 -1
0.11542533
0.00022800834
0.12465936 -0.1061913
-1

2
1 9 17 1 1
1 10 17 1 -1
0.12193017
-0.0028846257
0.13168459 -0.11217576
-1

2
0 8 9 2 1
0 10 9 2 -1
0.10874172
8.8967012e-005
-0.10004238 0.11744106
1

3
10 9 2 2 1
11 9 1 1 -2
10 10 1 1 -2
0.10491527
-0.0004868962
0.1133085 -0.096522048
-1

