71
131
0
1
614
142
2
4 0 13 1 1
4 1 13 1 -1
0.54879802
0.018998452
-0.48294225 0.61465377
1

2
19 0 1 3 1
19 1 1 1 -2
0.42865276
0.0030228589
0.48009109 -0.37721443
-1

2
4 3 15 3 1
4 6 15 3 -1
0.36261478
-0.028476886
0.40612856 -0.31910101
-1

2
0 0 6 2 1
6 0 6 2 -1
0.35550848
-0.018989319
0.39816949 -0.31284747
-1

2
4 4 12 1 1
8 4 4 1 -2
0.31730506
0.0061182217
0.35538167 -0.27922845
-1

2
14 0 3 1 1
17 0 3 1 -1
0.29005668
0.0032539726
-0.25524989 0.32486346
1

2
0 4 18 1 1
0 5 18 1 -1
0.27097806
-0.0068187644
0.30349544 -0.23846069
-1

2
8 14 3 6 1
8 16 3 2 -2
0.26709136
0.035466146
0.29914233 -0.2350404
-1

2
0 0 2 17 1
2 0 2 17 -1
0.26795366
-0.040950861
0.3001081 -0.23579922
-1

2
7 0 3 8 1
7 8 3 8 -1
0.28198132
-0.01517229
-0.24814355 0.31581908
1

2
6 17 6 1 1
6 18 6 1 -1
0.26000178
0.0036958533
-0.22880156 0.29120198
1

2
11 11 3 3 1
14 11 3 3 -1
0.20805779
-0.00027550466
0.23302473 -0.18309085
-1

2
19 17 1 3 1
19 18 1 1 -2
0.23686031
0.0020685231
0.26528355 -0.20843707
-1

2
7 1 6 9 1
7 10 6 9 -1
0.27666959
0.079951517
0.30986995 -0.24346924
-1

2
14 1 3 19 1
17 1 3 19 -1
0.24412671
-0.078870028
0.27342191 -0.2148315
-1

2
11 7 7 4 1
11 11 7 4 -1
0.24468839
-0.0027993149
-0.21532579 0.27405101
1

2
8 2 1 4 1
9 2 1 4 -1
0.22988892
-0.0027627475
0.25747558 -0.20230225
-1

2
4 0 6 3 1
4 3 6 3 -1
0.20546237
-0.00063101546
-0.18080688 0.23011786
1

2
6 9 9 1 1
6 10 9 1 -1
0.20880826
-0.001897482
0.23386525 -0.18375127
-1

2
19 13 1 1 1
19 14 1 1 -1
0.21028773
0.00050678966
0.23552227 -0.1850532
-1

2
0 17 1 3 1
0 18 1 1 -2
0.22447695
0.0026441508
0.25141418 -0.19753972
-1

2
1 2 13 4 1
1 6 13 4 -1
0.23643556
-0.013021925
0.26480782 -0.20806329
-1

2
0 3 6 17 1
6 3 6 17 -1
0.23711614
0.12119524
-0.20866221 0.26557007
1

3
4 2 12 16 1
10 2 6 8 -2
4 10 6 8 -2
0.22639225
-0.046667375
-0.19922519 0.25355932
1

2
14 1 3 14 1
17 1 3 14 -1
0.24787417
0.040691566
-0.21812926 0.27761906
1

2
19 13 1 1 1
19 14 1 1 -1
0.19622013
-0.00038777679
-0.17267372 0.21976654
1

2
14 14 3 5 1
17 14 3 5 -1
0.24191999
-0.020752454
0.27095041 -0.2128896
-1

2
3 0 17 1 1
3 1 17 1 -1
0.19819953
0.0055331518
-0.17441559 0.22198346
1

2
10 1 3 5 1
13 1 3 5 -1
0.20432508
0.0062369741
-0.17980607 0.22884409
1

2
8 0 2 1 1
10 0 2 1 -1
0.19339086
0.0016892356
0.21659777 -0.17018396
-1

2
7 2 2 3 1
9 2 2 3 -1
0.21290889
0.0062100603
-0.18735982 0.23845796
1

3
4 5 12 10 1
10 5 6 5 -2
4 10 6 5 -2
0.19424786
0.025620395
0.21755759 -0.17093812
-1

2
4 5 3 1 1
5 5 1 1 -2
0.21239237
0.00045266858
0.23787946 -0.18690529
-1

2
17 8 1 1 1
17 9 1 1 -1
0.23390886
-0.00058031082
-0.2058398 0.26197794
1

2
4 1 15 1 1
4 2 15 1 -1
0.19768383
-0.0055830902
0.22140589 -0.17396176
-1

2
9 0 1 1 1
10 0 1 1 -1
0.21240053
-0.00072679803
-0.18691246 0.23788859
1

2
6 12 8 2 1
6 14 8 2 -1
0.21310553
-0.0039345352
0.23867819 -0.18753287
-1

2
4 10 1 3 1
4 13 1 3 -1
0.18244503
-0.0001458794
-0.16055162 0.20433845
1

2
4 0 8 20 1
12 0 8 20 -1
0.21177958
-0.27519953
0.23719314 -0.18636602
-1

2
17 11 1 1 1
17 12 1 1 -1
0.21621226
-0.0003402383
-0.19026679 0.24215773
1

2
0 0 9 20 1
9 0 9 20 -1
0.19365658
0.3532483
-0.17041779 0.21689537
1

2
2 7 1 2 1
2 9 1 2 -1
0.20500982
-0.0019122616
-0.18040864 0.22961099
1

2
1 0 2 1 1
3 0 2 1 -1
0.19770575
-0.0016757792
0.22143044 -0.17398106
-1

2
5 3 8 2 1
5 5 8 2 -1
0.17837879
-0.013089079
0.19978425 -0.15697333
-1

2
1 1 18 4 1
7 1 6 4 -2
0.19751726
0.078109346
0.22121933 -0.17381519
-1

2
12 0 3 1 1
15 0 3 1 -1
0.17053683
0.0025017643
-0.15007241 0.19100125
1

2
8 5 5 1 1
13 5 5 1 -1
0.17112763
0.010001712
0.19166295 -0.15059231
-1

2
0 2 1 10 1
1 2 1 10 -1
0.20440456
0.0078907423
-0.17987601 0.22893311
1

2
17 8 1 1 1
17 9 1 1 -1
0.19368599
0.00095432979
0.21692832 -0.17044367
-1

3
11 3 6 2 1
14 3 3 1 -2
11 4 3 1 -2
0.21046521
-0.0035002511
0.23572104 -0.18520938
-1

2
2 9 2 1 1
2 10 2 1 -1
0.17954104
0.0012077161
0.20108595 -0.15799612
-1

2
5 5 9 1 1
8 5 3 1 -2
0.19387399
0.0014788451
0.21713887 -0.1706091
-1

3
2 6 14 10 1
9 6 7 5 -2
2 11 7 5 -2
0.2112513
-0.04998257
-0.18590115 0.23660146
1

2
9 2 1 4 1
10 2 1 4 -1
0.20026349
-0.0040975343
0.22429511 -0.17623186
-1

2
1 4 7 2 1
8 4 7 2 -1
0.18471336
-0.035390332
-0.16254775 0.20687898
1

2
16 0 2 20 1
18 0 2 20 -1
0.19361372
0.039949328
-0.17038007 0.21684738
1

2
4 13 2 2 1
4 15 2 2 -1
0.17179775
-0.00011539408
-0.15118203 0.19241348
1

2
1 3 2 2 1
3 3 2 2 -1
0.17657793
0.0039872383
-0.15538858 0.19776727
1

2
8 18 6 1 1
10 18 2 1 -2
0.17826533
0.017350733
0.19965717 -0.15687349
-1

2
14 3 3 2 1
17 3 3 2 -1
0.20786753
-0.0080940006
0.23281164 -0.18292342
-1

2
8 17 4 1 1
8 18 4 1 -1
0.15992321
0.0023729431
-0.14073242 0.179114
1

2
0 2 5 4 1
0 6 5 4 -1
0.17888135
-0.0013517475
0.20034711 -0.15741558
-1

2
17 19 3 1 1
18 19 1 1 -2
0.18063462
0.0024466461
0.20231077 -0.15895846
-1

2
16 4 4 2 1
16 6 4 2 -1
0.1832615
-0.0010472737
0.20525289 -0.16127011
-1

2
0 0 2 4 1
2 0 2 4 -1
0.17594843
-0.0043933303
0.19706224 -0.15483461
-1

2
1 14 1 1 1
1 15 1 1 -1
0.17155556
0.00053689576
0.19214223 -0.15096889
-1

2
3 2 1 3 1
3 3 1 1 -2
0.19127989
0.00047673247
0.21423347 -0.1683263
-1

2
1 14 1 1 1
1 15 1 1 -1
0.20409589
-0.00022532717
-0.17960438 0.22858739
1

2
0 0 20 2 1
0 2 20 2 -1
0.1878863
0.030575743
-0.16533995 0.21043265
1

3
10 6 10 6 1
15 6 5 3 -2
10 9 5 3 -2
0.19105679
-0.0086946413
-0.16812997 0.21398361
1

3
3 18 10 2 1
8 18 5 1 -2
3 19 5 1 -2
0.18930437
-0.0038677221
0.21202089 -0.16658784
-1

