91
222
0
2.35795
32
208
2
16 0 2 7 1
18 0 2 7 -1
0.50413299
0.023392292
-0.45371971 0.5545463
1

2
0 4 20 2 1
0 6 20 2 -1
0.44679642
-0.03391438
0.49147606 -0.40211681
-1

2
0 0 3 18 1
3 0 3 18 -1
0.32149032
-0.052177124
0.35363936 -0.2893413
-1

2
9 1 3 5 1
12 1 3 5 -1
0.29921234
0.011946721
-0.2692911 0.32913357
1

2
4 0 13 1 1
4 1 13 1 -1
0.29228574
0.007324344
-0.26305717 0.32151431
1

2
4 5 8 15 1
12 5 8 15 -1
0.22670536
-0.1557329
0.24937589 -0.20403484
-1

2
1 0 18 1 1
7 0 6 1 -2
0.2605553
0.046604015
0.28661084 -0.23449978
-1

2
0 0 10 20 1
10 0 10 20 -1
0.24254017
0.3869445
-0.21828616 0.26679417
1

2
6 3 10 3 1
6 6 10 3 -1
0.26458272
-0.010037839
0.29104102 -0.23812446
-1

3
13 3 2 2 1
14 3 1 1 -2
13 4 1 1 -2
0.2108863
-0.00083896221
0.23197493 -0.18979768
-1

3
4 3 12 14 1
10 3 6 7 -2
4 10 6 7 -2
0.21565202
-0.037167951
-0.19408682 0.23721723
1

2
16 8 2 10 1
18 8 2 10 -1
0.22637998
-0.023146074
0.24901798 -0.20374198
-1

3
5 4 10 16 1
10 4 5 8 -2
5 12 5 8 -2
0.23341498
0.046491183
0.25675648 -0.21007349
-1

2
0 11 3 9 1
3 11 3 9 -1
0.21551919
0.039842419
-0.19396728 0.23707111
1

2
0 0 1 1 1
0 1 1 1 -1
0.21445125
0.00052787765
0.23589638 -0.19300614
-1

2
7 9 6 1 1
7 10 6 1 -1
0.20339654
-0.0023453231
0.2237362 -0.18305689
-1

2
8 0 11 6 1
8 6 11 6 -1
0.19009149
-0.1058041
-0.17108235 0.20910065
1

2
3 2 2 3 1
3 3 2 1 -2
0.20735058
0.00079767971
0.22808565 -0.18661553
-1

2
15 8 5 4 1
15 12 5 4 -1
0.22342023
-0.0017071626
-0.20107822 0.24576226
1

2
5 17 2 1 1
7 17 2 1 -1
0.17066988
-0.00050542696
0.18773687 -0.1536029
-1

2
19 12 1 1 1
19 13 1 1 -1
0.18303987
0.00036817088
0.20134386 -0.1647359
-1

2
9 2 1 7 1
10 2 1 7 -1
0.19084714
0.0046961424
-0.17176244 0.20993187
1

2
2 9 1 1 1
2 10 1 1 -1
0.18162201
-0.00027579811
-0.16345982 0.19978422
1

2
0 14 10 6 1
10 14 10 6 -1
0.18791065
-0.11555886
0.20670171 -0.16911958
-1

2
9 0 4 10 1
9 10 4 10 -1
0.19341527
-0.0031651175
-0.17407376 0.2127568
1

2
4 16 8 3 1
12 16 8 3 -1
0.19871147
0.028670214
-0.17884032 0.21858262
1

2
14 4 4 1 1
14 5 4 1 -1
0.17829008
-0.00041416436
0.1961191 -0.16046108
-1

2
5 12 12 1 1
5 13 12 1 -1
0.17828329
-0.0028438522
0.19611162 -0.16045497
-1

2
16 10 1 1 1
16 11 1 1 -1
0.19021656
0.00093097793
0.20923822 -0.17119491
-1

2
3 4 6 1 1
5 4 2 1 -2
0.20693308
0.00084992871
0.2276264 -0.18623978
-1

2
8 0 2 1 1
10 0 2 1 -1
0.21747586
0.0024068314
0.23922345 -0.19572829
-1

2
4 3 12 1 1
4 4 12 1 -1
0.19285522
0.0094946241
-0.17356971 0.21214075
1

3
5 7 12 8 1
11 7 6 4 -2
5 11 6 4 -2
0.18475838
-0.024473567
-0.16628255 0.20323423
1

2
6 3 11 1 1
6 4 11 1 -1
0.19051206
-0.0085986536
0.20956327 -0.17146087
-1

2
5 6 10 1 1
5 7 10 1 -1
0.18908757
-0.00060365372
0.20799634 -0.17017882
-1

2
19 16 1 1 1
19 17 1 1 -1
0.16176659
0.00037741728
0.17794324 -0.14558993
-1

2
11 3 1 3 1
12 3 1 3 -1
0.17563747
-0.0021677606
0.19320121 -0.15807372
-1

3
3 6 14 10 1
10 6 7 5 -2
3 11 7 5 -2
0.18047652
0.034180168
0.19852418 -0.16242887
-1

2
1 5 3 1 1
2 5 1 1 -2
0.17899081
0.00032285618
0.19688989 -0.16109173
-1

2
10 0 1 1 1
11 0 1 1 -1
0.19871944
-0.00087700394
-0.17884751 0.21859139
1

2
10 2 1 3 1
11 2 1 3 -1
0.18232079
0.0022106247
-0.16408871 0.20055287
1

2
3 4 9 1 1
3 5 9 1 -1
0.15617849
-0.0048654499
0.17179634 -0.14056064
-1

2
16 12 2 8 1
18 12 2 8 -1
0.16131607
0.0091760997
-0.14518447 0.17744768
1

2
6 16 9 2 1
9 16 3 2 -2
0.18529116
0.045297131
0.20382027 -0.16676205
-1

2
0 1 2 3 1
2 1 2 3 -1
0.17839685
-0.0057844715
0.19623654 -0.16055717
-1

2
0 12 1 1 1
0 13 1 1 -1
0.16628434
0.00027392668
0.18291278 -0.14965591
-1

2
0 5 4 13 1
4 5 4 13 -1
0.17000376
0.050198253
-0.15300339 0.18700413
1

2
0 12 1 1 1
0 13 1 1 -1
0.19054911
-0.00034270689
-0.1714942 0.20960402
1

2
5 4 3 1 1
6 4 1 1 -2
0.17580087
0.00045040122
0.19338097 -0.1582208
-1

3
2 0 16 8 1
10 0 8 4 -2
2 4 8 4 -2
0.19653146
0.053857021
0.21618462 -0.17687832
-1

2
0 0 6 18 1
6 0 6 18 -1
0.16922206
-0.0964633
0.18614426 -0.15229985
-1

2
0 0 18 2 1
0 2 18 2 -1
0.16498108
0.016932165
-0.14848298 0.1814792
1

2
3 1 13 1 1
3 2 13 1 -1
0.18837301
-0.0035479015
0.20721032 -0.16953573
-1

2
19 14 1 1 1
19 15 1 1 -1
0.20115618
0.0005540172
0.22127181 -0.18104057
-1

2
18 8 1 8 1
19 8 1 8 -1
0.15545371
-0.0057678474
0.17099908 -0.13990834
-1

2
7 0 2 1 1
9 0 2 1 -1
0.18984434
-0.0027456582
-0.17085992 0.20882878
1

2
8 3 1 2 1
9 3 1 2 -1
0.16194817
0.0011980121
-0.14575337 0.17814299
1

2
19 0 1 1 1
19 1 1 1 -1
0.16495289
0.00029188688
0.18144818 -0.1484576
-1

2
8 1 1 12 1
9 1 1 12 -1
0.1712234
-0.0058810022
0.18834575 -0.15410107
-1

2
5 8 1 3 1
5 11 1 3 -1
0.17452803
-7.9711295e-005
-0.15707524 0.19198084
1

2
7 9 6 1 1
7 10 6 1 -1
0.15362602
0.0060234843
-0.13826343 0.16898863
1

2
5 5 1 5 1
5 10 1 5 -1
0.18868497
0.010934519
0.20755348 -0.16981648
-1

2
10 2 1 4 1
11 2 1 4 -1
0.1889586
-0.0032753646
0.20785446 -0.17006275
-1

2
19 14 1 1 1
19 15 1 1 -1
0.1628875
-0.00024814659
-0.14659876 0.17917626
1

2
6 11 10 1 1
6 12 10 1 -1
0.16321506
0.0062719132
-0.14689356 0.17953657
1

2
11 11 1 1 1
11 12 1 1 -1
0.17251697
-5.3413118e-005
0.18976867 -0.15526529
-1

2
17 10 1 1 1
17 11 1 1 -1
0.17410247
-0.0004517503
-0.15669224 0.19151272
1

2
14 10 3 10 1
17 10 3 10 -1
0.16755386
-0.048994292
0.18430924 -0.15079848
-1

2
17 12 1 1 1
17 13 1 1 -1
0.17575148
-0.00050638954
-0.15817633 0.19332662
1

2
14 1 3 18 1
17 1 3 18 -1
0.16795371
0.035667874
-0.15115835 0.1847491
1

2
13 7 2 8 1
15 7 2 8 -1
0.15316798
-0.00010002882
0.16848478 -0.13785118
-1

2
6 16 9 1 1
6 17 9 1 -1
0.15088189
0.0030535345
-0.1357937 0.16597007
1

2
0 10 7 9 1
7 10 7 9 -1
0.14981154
0.10453885
-0.13483039 0.16479269
1

3
9 15 2 4 1
10 15 1 2 -2
9 17 1 2 -2
0.18727514
0.0023309013
0.20600265 -0.16854763
-1

2
0 9 1 11 1
1 9 1 11 -1
0.17305151
0.0066653132
-0.15574636 0.19035666
1

3
9 15 2 4 1
10 15 1 2 -2
9 17 1 2 -2
0.16745792
-0.0016062279
-0.15071213 0.18420371
1

2
0 16 1 3 1
0 17 1 1 -2
0.18426657
0.0022091416
0.20269322 -0.16583991
-1

2
0 2 3 1 1
0 3 3 1 -1
0.14524384
0.00025022181
0.15976822 -0.13071945
-1

2
11 17 2 1 1
11 18 2 1 -1
0.15342942
0.00062454829
-0.13808648 0.16877237
1

2
5 15 11 2 1
5 17 11 2 -1
0.16722603
-0.0051396661
0.18394864 -0.15050344
-1

2
11 0 3 2 1
11 2 3 2 -1
0.16889988
0.0003982895
-0.1520099 0.18578987
1

2
10 1 7 1 1
10 2 7 1 -1
0.14505006
-0.0027999855
0.15955508 -0.13054506
-1

2
5 0 1 1 1
6 0 1 1 -1
0.1735789
-0.0011380265
-0.15622102 0.1909368
1

2
4 18 11 1 1
4 19 11 1 -1
0.16249102
-0.0057295542
0.17874013 -0.14624193
-1

2
16 9 2 1 1
16 10 2 1 -1
0.16726792
0.0014634606
0.18399471 -0.15054113
-1

3
7 10 8 2 1
11 10 4 1 -2
7 11 4 1 -2
0.1606871
0.0047260183
-0.14461839 0.17675582
1

2
10 5 7 1 1
10 6 7 1 -1
0.16878115
-0.00019711285
0.18565926 -0.15190303
-1

2
17 19 3 1 1
18 19 1 1 -2
0.14641608
0.0014247504
0.1610577 -0.13177449
-1

3
2 3 16 10 1
10 3 8 5 -2
2 8 8 5 -2
0.17015722
0.054640073
0.18717295 -0.15314151
-1

2
6 19 7 1 1
13 19 7 1 -1
0.18303801
-0.016716003
0.20134182 -0.16473421
-1

2
13 12 7 4 1
13 16 7 4 -1
0.15084636
0.00084564806
-0.13576174 0.165931
1

